maxcnt:13
cntdiff -1 0 1
0 0.00 0.9498046875 0.0501953125
1 0.0501953125 0.899609375 0.0501953125
2 0.0501953125 0.899609375 0.0501953125
3 0.0501953125 0.899609375 0.0501953125
4 0.0501953125 0.899609375 0.0501953125
5 0.0501953125 0.899609375 0.0501953125
6 0.0501953125 0.899609375 0.0501953125
7 0.0501953125 0.899609375 0.0501953125
8 0.0501953125 0.899609375 0.0501953125
9 0.0501953125 0.899609375 0.0501953125
10 0.0501953125 0.899609375 0.0501953125
11 0.0501953125 0.899609375 0.0501953125
12 0.0501953125 0.899609375 0.0501953125
13 0.0501953125 0.899609375 0.0501953125