maxcnt:13
cntdiff -1 0 1
0 0.00 0.95009765625 0.04990234375
1 0.04990234375 0.9001953125 0.04990234375
2 0.04990234375 0.9001953125 0.04990234375
3 0.04990234375 0.9001953125 0.04990234375
4 0.04990234375 0.9001953125 0.04990234375
5 0.04990234375 0.9001953125 0.04990234375
6 0.04990234375 0.9001953125 0.04990234375
7 0.04990234375 0.9001953125 0.04990234375
8 0.04990234375 0.9001953125 0.04990234375
9 0.04990234375 0.9001953125 0.04990234375
10 0.04990234375 0.9001953125 0.04990234375
11 0.04990234375 0.9001953125 0.04990234375
12 0.04990234375 0.9001953125 0.04990234375
13 0.04990234375 0.9001953125 0.04990234375