maxcnt:13
cntdiff -1 0 1
0 0.00 0.950390625 0.049609375
1 0.049609375 0.90078125 0.049609375
2 0.049609375 0.90078125 0.049609375
3 0.049609375 0.90078125 0.049609375
4 0.049609375 0.90078125 0.049609375
5 0.049609375 0.90078125 0.049609375
6 0.049609375 0.90078125 0.049609375
7 0.049609375 0.90078125 0.049609375
8 0.049609375 0.90078125 0.049609375
9 0.049609375 0.90078125 0.049609375
10 0.049609375 0.90078125 0.049609375
11 0.049609375 0.90078125 0.049609375
12 0.049609375 0.90078125 0.049609375
13 0.049609375 0.90078125 0.049609375