Desc	Family ID	FRAX00	FRAX01	FRAX03	FRAX04	FRAX05	FRAX06	FRAX07	FRAX08	FRAX09	FRAX11	FRAX12	FRAX13	FRAX14	FRAX15	FRAX16	FRAX19	FRAX20	FRAX21	FRAX23	FRAX25	FRAX26	FRAX27	FRAX28	FRAX29	FRAX30	FRAX31	FRAX32	FRAX33	Mguttatus	Oeuropea	Slycopersicum
OG0013305	13305	2	1	1	1	1	1	1	1	1	1	1	1	1	1	1	1	0	1	1	1	1	1	1	0	1	1	0	1	1	2	3
OG0013860	13860	3	1	1	1	1	1	2	1	1	1	1	1	2	1	1	1	0	0	1	0	1	1	1	1	1	0	0	1	0	0	1
OG0024999	24999	0	0	0	1	0	0	0	0	0	0	0	0	0	0	0	0	0	0	0	0	0	0	0	1	1	0	0	0	0	0	0
OG0028318	28318	0	0	0	0	0	0	0	0	0	0	0	0	0	0	0	0	0	0	0	0	0	0	0	0	0	0	0	0	0	1	1
OG0003441	3441	2	2	2	2	2	3	3	3	2	3	1	2	2	2	2	2	2	3	2	1	2	2	2	3	3	2	2	2	1	4	1
OG0005927	5927	3	2	2	2	2	2	1	1	2	2	2	2	2	2	1	1	2	2	2	2	2	2	2	1	2	3	2	3	2	2	1
OG0008247	8247	2	1	2	1	1	2	2	2	2	2	1	1	2	1	1	2	2	2	0	1	2	2	2	0	3	2	1	2	2	3	3
OG0013465	13465	1	1	1	1	1	1	1	1	1	1	1	1	1	1	1	1	1	1	1	1	1	1	1	1	1	1	1	1	2	1	0
OG0014844	14844	1	1	1	1	1	1	2	1	1	1	1	0	0	1	1	1	1	1	1	1	1	1	1	1	1	1	1	1	0	1	1
OG0006501	6501	5	0	3	1	2	3	3	1	3	3	1	1	2	0	0	3	1	1	2	1	2	2	0	1	2	3	1	2	3	2	1
OG0004404	4404	1	3	2	1	2	2	2	2	2	2	2	2	1	2	2	2	2	3	2	2	2	2	2	2	2	2	2	2	2	2	1
OG0022242	22242	1	0	0	1	0	1	0	0	0	0	0	0	0	1	0	1	1	0	0	0	0	0	0	0	0	0	0	0	0	0	0
OG0008641	8641	2	1	2	1	2	2	2	1	2	2	2	2	1	1	2	1	0	1	1	1	1	2	2	2	1	2	2	1	2	2	3
OG0014866	14866	1	1	0	1	1	1	1	1	1	1	1	1	1	1	1	1	1	1	1	1	1	1	1	1	1	1	1	1	2	1	1
OG0028107	28107	0	0	0	0	0	0	0	0	0	0	0	0	0	0	0	0	0	0	0	0	0	0	0	0	0	0	0	0	1	0	1
OG0020322	20322	1	1	0	1	0	0	1	1	0	0	0	0	0	1	1	0	0	0	0	1	0	1	1	0	1	1	1	0	0	0	0
OG0019598	19598	0	0	2	1	2	0	0	0	1	1	0	1	2	0	0	2	2	0	0	0	2	1	0	0	0	0	0	1	0	0	0
OG0024019	24019	0	0	0	0	0	0	0	1	0	1	0	0	0	0	0	0	0	0	0	0	0	0	0	0	2	0	0	0	0	0	0
OG0007993	7993	1	1	1	3	2	1	2	1	2	3	2	1	1	1	1	1	2	1	2	1	2	2	2	2	1	1	2	3	2	3	1
OG0021515	21515	0	0	0	0	0	0	0	0	0	0	0	0	0	0	0	1	0	0	0	0	0	0	0	0	0	1	0	2	0	0	5
OG0007009	7009	2	2	2	1	2	2	2	0	2	2	2	2	2	1	1	2	1	2	1	1	2	2	1	2	2	2	2	2	2	3	1
OG0024463	24463	1	0	0	0	0	0	0	0	0	0	0	0	0	0	0	0	1	1	0	0	0	0	0	0	0	0	0	0	0	0	0
OG0017271	17271	1	1	1	0	1	1	1	1	1	1	0	0	1	1	1	1	0	1	1	1	1	1	0	1	1	1	1	0	2	2	1
OG0015553	15553	1	1	1	1	1	1	1	1	1	1	1	1	1	1	1	1	1	1	1	1	1	1	1	1	1	1	1	1	0	1	0
OG0002850	2850	2	2	4	2	4	2	2	2	4	2	2	4	4	2	2	1	2	3	2	2	3	2	2	2	2	2	2	2	1	3	1
OG0015143	15143	1	1	1	1	1	1	1	1	1	1	1	1	1	1	1	1	1	1	1	1	1	1	1	1	1	1	1	1	0	1	0
OG0013725	13725	1	1	1	1	1	1	1	1	1	1	1	1	1	1	1	1	1	1	1	1	1	1	1	1	1	1	1	1	1	1	1
OG0025342	25342	0	0	0	0	0	0	0	0	0	0	1	0	1	0	0	0	1	0	0	0	0	0	0	0	0	0	0	0	0	0	0
OG0004235	4235	3	2	2	2	2	2	2	2	2	2	2	2	2	2	1	2	2	2	2	2	2	2	3	2	2	2	2	2	1	2	2
OG0004145	4145	1	2	2	2	2	2	2	2	2	2	2	2	2	2	3	3	2	1	2	2	3	2	2	4	2	2	2	2	1	1	1
OG0003642	3642	2	3	2	2	3	3	2	2	3	3	2	1	2	2	2	3	1	2	3	2	3	3	2	1	2	3	2	2	0	1	1
OG0018193	18193	1	1	1	0	1	1	1	1	0	0	0	1	1	1	1	1	0	2	2	2	0	0	0	1	0	0	1	2	0	2	0
OG0003918	3918	2	2	2	2	2	2	2	2	2	2	3	2	2	2	2	2	2	2	2	2	2	2	2	3	2	2	2	2	1	2	1
OG0027191	27191	0	0	0	0	0	0	0	0	0	1	0	0	0	0	0	0	0	0	0	0	0	1	0	0	0	0	0	0	0	0	0
OG0018354	18354	1	2	1	0	1	1	0	0	0	1	3	1	0	1	1	0	0	0	0	1	1	1	2	2	0	0	0	0	0	0	0
OG0025440	25440	0	0	0	0	0	0	0	0	0	0	0	0	1	0	0	0	1	0	0	0	0	0	0	0	0	0	0	1	0	0	0
OG0026064	26064	0	1	0	0	0	0	0	0	0	0	0	0	0	0	0	0	0	0	0	0	0	1	0	0	0	0	0	0	0	0	0
OG0027971	27971	0	0	0	0	0	0	0	0	0	0	0	0	0	0	0	0	0	0	0	0	0	0	0	0	1	0	1	0	0	0	0
OG0000308	308	5	5	5	6	5	5	5	4	5	5	4	5	5	5	5	5	4	5	5	5	5	5	5	5	4	5	5	5	4	6	3
OG0017324	17324	1	1	1	1	1	1	1	1	1	0	0	1	0	1	1	1	1	1	1	1	1	1	1	1	1	1	1	1	0	1	0
OG0012190	12190	2	1	2	1	4	1	1	2	1	0	1	1	1	1	0	1	1	4	1	1	1	1	1	1	0	1	0	0	0	0	1
OG0019750	19750	0	1	1	1	1	0	1	1	1	1	0	0	1	1	1	0	0	0	1	0	1	1	0	1	1	1	0	0	0	0	0
OG0012610	12610	2	1	0	1	1	1	1	1	1	1	2	1	0	3	1	1	1	1	0	1	1	1	1	0	1	1	1	1	0	2	2
OG0023720	23720	0	0	1	0	0	0	0	0	0	0	0	0	0	0	1	0	0	0	0	1	0	0	0	0	0	0	0	0	0	0	0
OG0027488	27488	0	0	0	0	0	0	0	0	0	0	0	0	0	1	0	0	0	0	1	0	0	0	0	0	0	0	0	0	0	0	0
OG0017496	17496	0	1	1	1	0	1	1	1	1	1	2	1	1	1	1	1	1	1	1	0	1	1	1	2	1	1	1	1	0	0	0
OG0006878	6878	2	2	2	2	2	2	2	1	3	2	1	2	2	2	1	2	2	2	2	2	2	2	2	2	1	2	1	2	0	1	1
OG0009246	9246	2	2	2	1	2	1	1	2	2	2	2	2	2	2	2	2	1	1	1	1	2	1	2	1	1	1	1	1	1	1	1
OG0022864	22864	0	1	0	0	0	1	0	0	0	0	0	0	0	1	1	0	0	0	1	0	0	0	0	0	0	0	0	0	0	0	0
OG0014840	14840	1	1	1	0	1	1	1	1	1	1	1	1	1	1	0	1	1	1	1	1	1	1	1	1	1	1	1	1	1	1	2
OG0025267	25267	0	0	0	0	0	0	0	0	1	0	0	0	1	0	0	0	0	0	0	0	0	0	0	0	0	0	0	0	0	0	0
OG0025063	25063	0	0	0	0	1	0	0	0	0	0	0	0	0	0	0	0	0	0	0	0	1	0	0	0	0	0	0	0	0	0	0
OG0008254	8254	1	2	2	2	2	2	1	2	2	2	1	2	2	1	2	2	2	2	2	2	2	2	1	2	1	2	0	2	1	2	1
OG0003394	3394	3	4	1	2	1	2	2	4	1	2	2	1	1	4	3	2	3	1	2	2	1	3	4	3	3	1	3	3	1	2	1
OG0010137	10137	2	2	2	2	2	2	2	2	2	1	2	1	2	1	1	1	0	1	2	1	2	2	2	1	1	0	2	2	0	1	0
OG0002060	2060	2	3	3	3	3	3	3	3	3	3	2	3	3	3	3	3	2	3	3	3	3	3	3	3	2	2	2	3	2	3	2
OG0020967	20967	0	0	0	0	0	1	0	1	1	0	0	0	1	1	0	0	0	0	1	0	0	0	0	0	0	0	1	0	0	0	0
OG0022040	22040	0	0	1	0	0	0	2	2	0	0	0	0	0	0	0	0	0	0	0	0	0	0	0	0	1	0	0	0	0	0	0
OG0002096	2096	2	3	4	3	2	3	3	3	3	3	2	3	3	1	3	3	2	3	3	3	3	3	3	3	2	2	2	3	2	5	2
OG0016094	16094	1	1	1	1	1	1	1	1	1	1	1	1	1	1	1	1	1	0	1	1	1	2	2	0	1	0	1	1	0	1	0
OG0004375	4375	2	2	2	2	1	2	3	1	2	2	2	2	2	2	2	2	2	1	2	2	2	2	3	3	3	2	2	2	1	2	1
OG0025425	25425	0	0	0	0	0	0	0	0	0	0	0	0	1	0	0	0	0	0	0	0	1	0	0	0	0	0	0	0	0	0	0
OG0017212	17212	2	1	1	2	1	3	1	1	1	0	0	1	1	1	2	0	0	0	4	0	0	1	1	2	0	0	0	0	0	0	0
OG0010168	10168	3	1	1	2	1	3	3	1	3	2	1	1	1	0	1	3	1	1	2	1	2	1	1	2	0	2	0	1	2	2	1
OG0015469	15469	1	0	1	1	1	1	1	1	1	1	1	1	1	1	1	1	1	1	1	1	1	1	1	1	1	1	1	1	1	1	1
OG0026954	26954	0	0	0	0	0	0	1	0	0	0	0	0	0	0	0	0	0	0	0	0	0	0	0	1	0	0	0	0	0	0	0
OG0014198	14198	2	1	1	1	0	1	1	0	1	1	1	1	1	1	1	1	0	1	1	0	1	1	1	1	1	1	2	1	1	2	1
OG0008938	8938	1	1	2	1	1	2	2	2	2	1	2	1	2	2	2	1	1	1	2	2	2	1	2	2	2	1	2	1	1	1	1
OG0027314	27314	0	0	0	0	0	0	0	0	0	0	1	0	0	0	0	0	0	1	0	0	0	0	0	0	0	0	0	0	0	0	0
OG0018822	18822	1	1	0	1	0	1	1	0	1	1	1	1	0	1	1	1	0	1	1	1	0	1	0	1	1	0	0	1	0	1	0
OG0016858	16858	1	1	1	0	2	2	1	2	2	0	1	0	1	0	0	3	1	1	0	1	0	0	0	0	2	0	1	1	0	3	0
OG0013785	13785	1	1	1	1	1	1	1	1	1	1	1	1	1	1	1	1	1	1	1	1	1	1	1	1	1	1	1	1	1	1	1
OG0005723	5723	2	2	2	2	2	2	2	2	2	2	2	1	2	2	2	2	2	2	2	1	2	2	2	2	2	2	2	3	0	1	0
OG0008131	8131	1	3	2	1	2	1	1	1	2	1	2	3	1	3	3	1	1	3	1	2	1	2	4	1	1	1	1	1	0	2	0
OG0019164	19164	1	1	0	0	1	1	1	1	0	0	1	0	0	3	2	0	0	0	1	1	1	0	0	1	1	0	0	0	0	0	0
OG0004678	4678	2	2	2	2	1	2	2	2	2	1	3	2	1	2	2	1	1	2	1	2	2	2	2	2	2	3	2	2	1	4	2
OG0003143	3143	3	2	2	2	2	3	2	1	2	2	3	2	3	2	2	3	1	4	1	2	2	3	1	2	1	2	1	2	4	2	4
OG0002013	2013	3	4	3	3	3	3	3	4	4	4	1	2	3	2	3	4	3	4	2	2	3	3	2	2	3	2	3	3	1	4	2
OG0010145	10145	1	1	0	1	1	2	2	1	1	2	2	1	1	2	1	1	1	1	2	1	1	1	2	1	2	2	3	2	1	1	1
OG0027965	27965	0	0	0	0	0	0	0	0	0	0	0	0	0	0	0	0	0	0	0	0	0	0	0	0	1	0	1	0	0	0	0
OG0011494	11494	2	1	1	1	1	2	1	1	1	1	1	1	1	2	2	1	1	1	1	1	1	1	1	1	1	1	1	1	1	2	1
OG0017055	17055	1	1	1	1	1	1	1	1	1	1	1	1	0	0	1	1	1	1	1	0	1	1	1	1	1	1	1	1	1	1	1
OG0010831	10831	1	2	2	1	1	1	1	0	1	1	1	1	1	3	2	2	1	0	3	1	1	1	2	1	1	1	2	1	1	2	1
OG0025292	25292	0	0	0	0	0	0	0	0	0	1	0	0	0	0	0	0	0	0	0	0	0	0	0	0	0	0	0	0	0	2	0
OG0007900	7900	2	1	2	2	2	2	2	2	2	2	1	2	2	1	2	2	2	2	2	1	2	2	2	2	1	1	1	2	0	3	0
OG0025466	25466	0	0	0	0	0	0	0	0	0	0	0	0	0	1	1	0	0	0	0	1	0	0	0	0	0	0	0	0	0	0	0
OG0015575	15575	1	1	1	1	1	1	1	1	1	1	0	1	1	1	1	1	2	1	1	1	1	1	1	1	0	1	0	1	1	2	0
OG0016984	16984	1	0	1	1	1	1	1	0	1	1	1	1	1	1	0	1	1	1	0	0	1	1	1	1	0	1	1	1	1	2	2
OG0004546	4546	2	2	2	2	2	2	3	2	2	2	2	2	2	2	2	2	0	2	2	2	1	2	3	3	2	2	2	1	1	1	1
OG0014357	14357	1	1	1	2	1	1	1	1	1	1	0	1	0	0	0	2	0	1	1	1	1	2	1	1	1	2	1	2	1	1	1
OG0016708	16708	1	1	1	1	1	1	1	1	1	1	0	1	1	0	1	1	1	1	1	1	1	0	1	0	1	1	1	1	1	1	1
OG0016425	16425	1	1	1	1	1	1	1	0	1	1	1	0	1	1	0	1	1	1	0	1	1	1	1	1	2	1	2	0	0	2	0
OG0017710	17710	1	1	1	1	1	1	1	0	1	1	1	1	1	1	0	0	1	1	1	0	1	0	0	1	1	1	0	1	1	1	1
OG0007014	7014	2	2	1	2	2	2	2	2	1	2	2	1	1	2	2	2	2	2	2	2	2	2	2	2	2	2	1	2	1	2	0
OG0025761	25761	0	0	0	0	0	0	0	0	0	0	0	0	0	0	0	0	0	0	0	0	0	0	0	0	0	0	0	0	0	2	1
OG0016956	16956	1	1	1	0	1	1	1	0	1	1	1	1	1	1	1	1	0	1	1	1	1	1	1	1	1	1	1	1	1	1	1
OG0005185	5185	1	1	2	3	2	1	3	3	2	3	3	2	2	1	1	2	2	1	1	1	2	2	2	4	1	2	3	2	1	3	1
OG0019749	19749	0	1	1	1	1	1	0	0	1	1	0	1	1	1	1	0	1	0	1	0	1	0	0	0	0	1	0	1	0	0	0
OG0016060	16060	1	1	1	1	1	1	1	1	1	1	1	1	1	1	0	1	1	1	1	0	1	1	1	1	1	1	1	1	1	1	1
OG0000897	897	5	4	5	4	4	4	4	4	4	5	3	3	5	3	2	3	2	4	4	3	4	4	4	4	4	4	4	3	1	5	3
OG0022850	22850	0	1	0	0	0	0	0	0	0	0	0	0	0	1	1	0	0	0	1	0	0	0	0	0	0	0	0	0	0	0	0
OG0012456	12456	1	1	1	1	1	1	1	2	1	2	1	1	1	1	1	2	0	1	1	1	1	1	1	1	1	2	1	1	1	1	1
OG0003106	3106	2	2	3	2	3	2	3	1	3	3	2	2	2	2	1	3	1	2	1	2	2	2	4	1	3	3	2	2	2	5	3
OG0014641	14641	1	1	1	1	1	1	1	1	1	1	1	1	1	1	1	1	1	1	1	1	1	1	1	1	1	1	1	1	1	1	0
OG0028163	28163	0	0	0	0	0	0	0	0	0	0	0	0	0	0	0	0	0	0	0	0	0	0	0	0	0	0	0	0	1	0	1
OG0006400	6400	3	1	3	2	4	1	0	2	0	0	3	0	1	1	2	2	2	2	1	1	2	1	2	1	1	1	3	4	2	9	0
OG0018088	18088	1	1	1	1	1	1	1	0	1	1	1	0	0	1	1	1	0	1	0	0	1	1	1	1	1	2	1	0	1	1	1
OG0002858	2858	3	3	2	3	3	2	3	2	3	3	3	3	2	3	1	3	1	3	2	2	3	2	2	2	2	3	1	3	1	4	2
OG0012573	12573	2	0	0	0	0	1	1	1	1	1	2	0	2	1	1	0	1	2	2	1	0	0	2	2	4	0	3	1	0	0	0
OG0020626	20626	1	0	0	0	1	1	0	0	1	1	0	0	0	0	0	0	0	0	0	0	1	0	0	0	0	0	0	0	1	1	4
OG0020663	20663	1	1	0	0	0	0	0	1	0	2	0	0	0	0	0	0	1	1	0	0	0	1	0	2	0	1	0	1	0	0	0
OG0012667	12667	1	1	1	1	1	1	1	1	1	1	1	1	1	1	1	1	1	1	1	1	1	1	1	1	1	1	1	1	2	1	1
OG0004956	4956	2	2	2	2	2	3	2	2	1	2	1	2	2	3	2	1	1	2	1	2	2	2	2	2	2	2	2	2	1	3	1
OG0003075	3075	3	3	2	2	2	3	3	0	3	3	1	2	2	3	1	3	1	2	3	3	3	3	2	4	2	2	1	3	1	3	1
OG0001993	1993	3	3	2	3	3	3	3	2	3	3	2	2	3	3	2	3	3	3	3	2	3	3	3	4	3	3	3	3	2	5	1
OG0009609	9609	2	3	1	1	1	2	1	2	1	1	2	2	1	2	1	1	1	3	1	1	1	1	3	2	0	1	2	2	1	2	1
OG0006865	6865	2	1	1	2	2	2	2	2	2	2	2	1	2	1	2	1	1	2	1	2	2	2	2	2	2	2	2	2	2	2	1
OG0008698	8698	1	1	2	5	1	3	2	0	1	6	0	1	2	2	1	3	2	6	2	0	1	4	0	0	1	0	0	3	0	0	0
OG0025463	25463	0	0	0	0	0	0	0	0	0	0	0	0	0	1	1	0	0	0	1	0	0	0	0	0	0	0	0	0	0	0	0
OG0011199	11199	2	2	1	1	1	2	1	0	1	1	0	2	1	1	1	1	1	2	2	1	2	1	1	0	0	1	2	1	1	3	2
OG0001320	1320	3	3	3	3	5	3	3	3	3	3	3	3	3	3	3	3	4	3	3	4	3	3	4	3	3	3	4	3	1	5	1
OG0017571	17571	1	1	1	0	0	1	1	1	1	1	1	1	0	1	1	1	0	1	1	1	0	1	1	1	1	1	1	1	1	1	1
OG0012541	12541	1	1	1	1	1	1	2	1	1	1	1	1	1	1	1	1	1	1	1	1	1	1	1	1	1	1	1	1	1	0	1
OG0006069	6069	1	2	2	1	3	1	1	2	1	1	3	3	1	2	3	1	1	1	3	2	4	1	2	2	2	2	2	2	1	1	0
OG0017783	17783	1	1	1	0	1	1	1	1	1	1	1	1	0	1	1	1	1	1	1	0	1	1	1	1	1	1	1	1	0	0	0
OG0001975	1975	2	3	3	2	2	3	3	3	3	3	3	3	3	3	3	3	3	3	3	3	3	3	3	2	3	3	3	3	1	3	1
OG0008110	8110	2	1	2	2	1	2	2	2	2	2	2	1	2	2	2	2	1	2	1	2	2	2	2	2	2	2	2	1	1	2	1
OG0026680	26680	0	0	0	0	1	0	0	0	0	0	0	0	0	0	0	0	0	0	0	0	1	0	0	0	0	0	0	0	0	0	0
OG0018579	18579	1	1	1	1	0	1	1	1	1	1	1	1	0	0	1	1	1	0	0	0	0	1	1	1	1	1	1	0	2	1	1
OG0021795	21795	0	0	0	0	0	0	0	1	0	0	0	0	0	1	1	0	0	0	1	1	0	0	0	1	1	0	1	0	0	0	0
OG0023757	23757	0	0	1	0	0	0	0	0	1	0	0	1	0	0	0	0	0	0	0	0	0	0	0	0	0	0	0	0	0	0	0
OG0022026	22026	0	0	0	0	0	0	0	0	0	0	0	0	1	0	0	1	0	1	0	0	1	0	0	0	0	0	0	0	0	0	0
OG0001485	1485	1	3	3	3	3	2	4	4	2	4	3	4	4	3	4	3	2	1	4	3	4	3	4	3	4	3	4	4	0	4	0
OG0009570	9570	2	1	2	1	2	2	2	2	2	2	2	1	2	1	2	2	0	0	2	1	2	1	1	2	2	2	1	2	1	2	1
OG0026877	26877	0	0	0	0	0	0	1	0	0	0	0	0	0	0	0	0	0	0	0	0	0	0	0	0	0	0	0	1	0	0	0
OG0005704	5704	2	2	2	1	1	2	1	2	1	1	1	2	2	3	2	1	2	2	2	2	2	2	2	3	2	2	2	2	1	3	1
OG0025870	25870	1	0	0	0	0	0	0	0	0	0	0	0	0	0	1	0	0	0	0	0	0	0	0	0	0	0	0	0	0	0	0
OG0026748	26748	0	0	0	0	1	0	0	0	0	0	0	0	0	0	0	0	0	0	0	0	0	0	0	0	0	0	0	0	0	0	1
OG0018967	18967	1	1	0	1	0	1	1	1	2	1	1	0	0	0	0	1	0	1	0	1	0	1	0	0	1	1	1	1	1	2	1
OG0015102	15102	1	1	1	1	0	1	1	1	1	1	1	1	1	1	1	1	1	1	1	1	1	1	1	1	1	1	1	1	1	1	1
OG0008319	8319	2	2	1	2	1	1	2	2	2	2	2	1	1	2	2	2	2	2	1	1	2	2	2	2	2	1	2	1	1	1	1
OG0018050	18050	1	1	0	0	0	1	0	1	0	1	1	0	1	1	2	1	0	1	2	1	0	0	1	3	0	1	1	0	0	4	0
OG0008729	8729	1	1	1	1	3	1	3	2	3	1	2	3	3	1	1	2	1	2	1	1	3	1	1	1	1	1	1	4	1	1	0
OG0007004	7004	2	2	2	2	2	2	3	2	2	2	2	1	2	2	2	2	1	2	2	1	2	2	1	2	1	2	2	1	1	2	1
OG0027430	27430	0	0	0	0	0	0	0	0	0	0	0	0	1	0	0	0	0	0	0	0	1	0	0	0	0	0	0	0	0	0	0
OG0024394	24394	1	0	0	0	0	0	0	0	0	0	1	0	0	0	0	0	0	0	0	1	0	0	0	0	0	0	0	0	0	0	0
OG0026030	26030	1	0	0	0	0	1	0	0	0	0	0	0	0	0	0	0	0	0	0	0	0	0	0	0	0	0	0	0	0	0	0
OG0026692	26692	0	0	0	0	1	0	0	0	0	0	0	0	1	0	0	0	0	0	0	0	0	0	0	0	0	0	0	0	0	0	0
OG0000443	443	4	5	5	5	5	5	4	5	5	5	2	5	5	4	4	5	5	4	4	4	5	5	4	4	4	3	4	5	3	5	1
OG0014006	14006	1	1	1	1	1	1	1	1	1	1	1	1	1	1	1	1	1	1	1	1	1	1	1	1	1	1	1	1	1	1	1
OG0021407	21407	0	0	0	0	1	0	1	1	1	0	1	0	0	0	0	0	0	0	0	0	0	0	1	1	0	0	1	0	0	0	0
OG0013638	13638	1	1	1	1	1	1	1	1	1	1	1	1	1	1	1	1	1	1	1	1	1	1	1	1	1	1	1	1	1	1	1
OG0011514	11514	1	1	1	1	0	1	1	1	1	1	1	1	0	1	1	1	1	1	1	1	1	1	1	1	1	1	1	1	2	3	6
OG0028186	28186	0	0	0	0	0	0	0	0	0	0	0	0	0	0	0	0	0	0	0	0	0	0	0	0	0	0	0	0	1	0	1
OG0008491	8491	1	2	1	2	0	2	3	1	0	0	5	1	1	1	3	0	2	1	6	1	2	0	1	1	4	0	1	2	1	0	0
OG0017973	17973	1	1	1	1	1	1	1	0	1	1	1	1	1	0	1	1	1	1	0	0	1	1	0	0	0	1	0	1	0	2	2
OG0001686	1686	3	2	3	3	3	3	2	3	3	3	3	2	3	4	3	3	4	3	2	4	2	3	3	4	4	3	3	2	1	4	1
OG0027836	27836	0	0	0	0	0	0	0	0	0	0	0	0	0	0	0	0	0	0	0	0	0	1	0	0	0	1	0	0	0	0	0
OG0021228	21228	0	0	0	0	0	1	0	0	0	0	0	0	0	0	1	0	0	2	2	0	0	0	0	0	0	2	0	1	0	1	0
OG0024678	24678	0	0	0	0	0	0	1	0	0	0	1	0	0	0	0	0	0	0	0	0	0	0	0	0	0	0	0	0	0	0	0
OG0006108	6108	2	2	2	2	2	2	2	2	2	2	2	2	2	2	2	2	1	2	2	1	2	2	2	2	1	2	2	1	1	1	1
OG0007552	7552	2	2	2	2	2	2	2	1	2	2	1	2	1	1	2	2	2	1	2	1	2	2	2	2	2	2	2	2	2	2	1
OG0025956	25956	1	0	0	0	0	0	0	0	0	0	0	0	0	0	0	0	0	0	0	0	0	0	0	0	0	0	0	0	0	1	0
OG0025997	25997	1	0	0	0	0	0	0	0	0	0	0	0	0	0	0	0	0	0	0	0	0	0	0	0	0	0	0	0	0	1	0
OG0004178	4178	3	1	1	2	2	2	2	2	2	2	1	2	2	2	2	2	2	2	2	1	2	2	2	2	1	2	2	2	2	6	2
OG0019809	19809	1	1	0	0	0	0	0	0	0	0	2	1	0	1	1	2	1	1	1	1	0	1	1	1	0	1	0	0	0	0	0
OG0007113	7113	2	1	1	1	2	2	2	1	2	2	1	1	2	1	2	2	2	1	1	2	1	2	2	2	2	2	2	2	2	3	2
OG0001017	1017	2	10	2	3	7	5	5	6	2	1	4	2	5	5	5	0	4	1	3	1	4	1	8	1	6	1	6	3	0	0	0
OG0009518	9518	2	2	1	2	2	2	2	1	2	2	1	1	2	2	0	2	1	2	2	1	2	2	1	1	1	2	2	2	0	2	0
OG0021632	21632	0	1	1	0	0	0	0	0	0	0	0	0	1	1	0	0	0	0	0	0	1	0	1	0	0	1	0	0	0	0	0
OG0007994	7994	2	2	2	2	2	2	2	1	2	2	0	2	2	2	2	2	1	1	2	2	3	2	0	0	2	2	1	2	1	4	1
OG0010007	10007	1	1	1	0	0	1	2	3	1	1	1	1	1	1	2	2	3	5	1	0	2	0	2	6	2	1	3	0	0	0	0
OG0017332	17332	1	1	0	1	1	1	1	0	1	1	1	0	1	0	1	1	1	0	1	1	1	1	1	1	1	1	1	1	2	1	1
OG0018121	18121	1	0	1	1	0	1	1	1	1	1	1	1	0	0	0	1	1	1	0	1	1	1	1	1	1	1	1	1	1	1	1
OG0008734	8734	2	2	2	2	2	1	2	1	2	2	1	2	2	2	2	2	2	1	1	1	2	2	2	1	2	1	1	2	0	1	0
OG0000772	772	3	4	4	4	4	3	4	3	4	4	3	4	3	4	4	3	4	4	2	4	4	3	4	4	3	3	4	4	3	6	6
OG0006420	6420	2	2	2	2	2	2	2	2	2	2	2	2	2	2	1	2	2	2	2	1	2	2	2	2	1	2	3	2	0	3	1
OG0017850	17850	1	0	1	1	1	0	1	1	1	1	1	1	1	0	1	1	1	0	0	1	1	1	0	1	1	1	1	0	1	2	1
OG0024113	24113	0	0	0	0	0	0	0	0	0	0	1	1	0	0	0	0	0	1	0	0	0	0	0	0	0	0	1	0	0	0	0
OG0005415	5415	1	1	2	2	2	2	3	2	2	2	2	2	2	1	1	2	2	3	2	2	2	2	2	2	2	2	2	2	1	1	2
OG0028009	28009	0	0	0	0	0	0	0	0	0	0	0	0	0	0	0	0	0	0	0	0	0	0	0	0	1	0	1	0	0	0	0
OG0012231	12231	2	1	1	1	1	1	1	1	1	1	0	2	1	1	1	1	1	1	1	1	1	1	1	1	1	1	1	1	1	2	0
OG0010365	10365	2	2	1	1	1	2	2	1	2	2	3	0	0	1	0	2	2	2	3	1	1	2	0	1	1	1	1	2	2	2	1
OG0021948	21948	1	0	1	0	0	0	0	0	0	0	0	0	0	0	0	0	0	1	0	0	0	1	0	0	0	1	0	1	0	1	0
OG0008336	8336	1	1	1	2	2	2	2	2	2	2	2	1	2	1	2	2	1	2	2	1	2	2	2	2	2	2	2	2	1	1	1
OG0006879	6879	2	2	1	2	2	2	1	2	2	2	2	2	2	1	2	2	2	2	2	2	2	2	2	2	2	2	2	2	1	1	1
OG0026750	26750	0	0	0	0	1	0	0	0	1	0	0	0	0	0	0	0	0	0	0	0	0	0	0	0	0	0	0	0	0	0	0
OG0000425	425	6	4	5	4	5	5	5	4	6	4	5	5	4	4	3	5	4	4	5	5	5	4	5	5	5	4	5	4	2	8	1
OG0009533	9533	2	2	1	2	0	2	2	1	2	2	0	1	1	2	2	2	0	1	2	2	1	2	2	1	2	2	1	1	1	3	1
OG0028285	28285	0	0	0	0	0	0	0	0	0	0	0	0	0	0	0	0	0	0	0	0	0	0	0	0	0	0	0	0	0	1	1
OG0012403	12403	1	1	1	1	1	1	1	1	1	1	1	1	1	1	1	1	1	1	1	1	1	1	1	1	1	1	1	1	1	2	1
OG0000392	392	6	5	3	5	5	5	6	6	5	6	6	5	5	4	3	3	4	5	5	4	5	4	6	4	5	6	6	6	2	5	1
OG0016442	16442	1	0	1	2	1	1	1	1	1	1	0	1	1	0	0	1	1	1	1	1	0	2	1	1	1	1	1	2	1	1	0
OG0017977	17977	1	1	0	1	0	1	1	1	1	1	0	1	1	1	0	1	1	0	1	1	0	1	1	0	1	1	1	1	2	1	2
OG0025864	25864	1	0	0	0	0	0	0	0	0	0	0	0	0	0	0	0	0	0	0	0	0	0	0	1	0	0	0	0	0	0	0
OG0021873	21873	1	0	0	0	0	0	0	0	0	0	0	0	0	0	1	0	0	1	1	0	0	0	0	0	0	0	1	0	0	1	0
OG0019479	19479	2	1	0	0	1	0	0	1	0	0	2	1	1	0	0	1	0	1	0	0	0	0	2	0	1	0	0	0	0	1	0
OG0015531	15531	1	1	0	1	1	1	0	1	1	1	1	1	0	1	1	1	1	1	1	1	1	1	1	1	1	1	1	1	1	3	1
OG0015737	15737	1	1	1	1	1	1	1	1	1	1	1	1	1	1	1	1	1	1	1	1	1	1	1	1	1	1	1	1	0	1	0
OG0019890	19890	1	1	0	0	0	1	1	1	0	0	1	0	0	1	1	1	1	0	1	1	0	0	1	2	0	1	0	0	0	0	0
OG0005613	5613	2	2	2	0	2	2	1	1	2	2	2	2	2	0	1	6	2	3	2	2	2	2	2	2	2	2	2	1	2	2	1
OG0002274	2274	3	2	3	3	3	3	3	3	3	3	3	2	2	2	1	4	3	2	2	2	3	3	3	1	3	3	3	3	1	6	2
OG0017472	17472	1	1	1	1	1	1	1	1	1	2	1	0	0	1	1	1	0	1	1	1	0	1	1	1	1	1	1	1	1	1	1
OG0024911	24911	0	0	0	1	0	0	0	0	0	1	0	0	0	0	0	0	0	0	0	0	0	1	0	0	0	0	0	0	0	0	0
OG0025153	25153	0	0	0	0	0	0	1	0	0	0	1	0	0	0	0	0	0	0	0	0	0	0	0	1	0	0	0	0	0	0	0
OG0022402	22402	0	1	0	0	1	0	0	0	0	0	1	0	0	0	0	0	0	0	0	0	0	0	0	1	1	0	0	0	0	0	0
OG0020473	20473	1	0	2	0	1	0	0	0	1	0	0	1	1	1	0	0	0	0	0	0	1	0	0	1	0	0	0	1	0	0	0
OG0005679	5679	2	2	2	2	2	2	2	2	2	2	1	2	2	1	2	2	2	2	2	1	2	1	2	2	2	2	2	2	2	2	2
OG0001898	1898	3	2	2	3	4	3	3	3	3	3	3	3	2	3	3	2	3	3	3	2	3	2	3	3	3	3	3	2	1	5	1
OG0015426	15426	1	1	1	1	1	1	1	1	1	1	1	1	1	1	0	0	0	1	1	1	1	1	1	1	1	1	1	1	1	1	1
OG0006665	6665	2	2	2	1	2	2	2	2	2	2	1	2	2	2	2	2	2	2	1	1	2	2	1	2	2	2	2	2	1	3	2
OG0010610	10610	2	2	2	1	1	0	0	2	0	1	2	3	1	1	2	1	2	2	3	2	1	0	0	1	1	0	1	3	0	0	0
OG0015473	15473	1	1	1	1	1	1	1	0	1	1	1	1	1	1	1	1	1	1	1	1	1	1	1	0	1	1	1	1	1	1	1
OG0018850	18850	1	1	0	1	0	1	0	1	0	0	1	0	0	1	0	0	1	2	1	0	2	2	1	2	1	0	1	0	0	0	0
OG0010976	10976	1	1	3	2	2	0	2	3	3	1	3	3	1	0	0	0	1	0	0	0	1	3	1	3	3	0	2	1	0	0	0
OG0002169	2169	2	2	3	3	3	3	2	3	3	3	3	3	3	2	2	3	3	2	3	3	3	3	3	2	3	3	3	3	2	2	3
OG0024733	24733	0	0	0	0	0	0	0	0	0	0	0	0	1	0	0	0	0	0	0	0	0	0	0	0	0	0	0	0	0	0	1
OG0008428	8428	2	2	2	1	1	2	2	1	2	2	2	1	2	2	2	1	1	0	2	2	2	2	1	1	1	2	2	2	2	2	2
OG0017941	17941	1	1	0	0	0	1	1	1	0	1	1	0	0	1	1	1	1	1	2	1	0	1	1	1	1	1	1	1	0	2	0
OG0020936	20936	0	1	0	0	0	0	1	1	1	0	0	0	1	1	0	0	0	0	1	0	1	0	1	0	0	1	1	0	0	0	0
OG0022363	22363	0	2	1	0	1	0	0	0	0	0	0	0	0	0	0	0	0	2	0	0	0	0	0	0	0	0	0	0	0	0	0
OG0001212	1212	3	2	4	3	3	3	4	3	4	4	3	4	3	3	4	4	4	4	3	1	4	3	4	3	4	3	4	3	1	4	2
OG0019649	19649	1	1	1	0	1	1	1	0	0	0	4	0	0	0	2	1	0	0	1	0	0	0	0	0	0	1	1	0	0	1	0
OG0017911	17911	1	0	1	1	0	0	0	1	0	0	1	2	2	1	1	1	1	0	0	1	1	1	1	1	1	0	1	1	0	0	0
OG0000849	849	5	5	4	4	3	4	4	2	4	4	3	4	3	4	4	3	4	3	3	3	4	4	3	4	4	5	3	3	3	5	3
OG0021427	21427	0	0	1	0	2	0	0	0	1	0	0	1	1	0	0	0	0	0	0	0	0	0	0	1	0	0	0	0	0	0	0
OG0008990	8990	2	1	3	1	1	2	2	2	3	2	1	2	2	1	1	1	1	3	0	1	1	2	2	1	2	2	2	1	1	2	1
OG0002182	2182	3	3	3	2	3	3	3	3	3	3	3	3	3	3	2	3	2	2	2	2	3	3	3	3	2	3	3	3	2	3	2
OG0003858	3858	2	2	2	2	2	2	2	2	2	3	2	2	2	2	2	2	2	2	2	2	3	2	2	2	2	2	2	2	2	2	1
OG0013057	13057	1	1	1	0	1	1	2	1	2	1	1	1	1	1	1	1	0	2	1	1	0	1	1	3	2	0	2	2	0	0	0
OG0008783	8783	2	1	1	1	1	2	2	0	2	2	2	2	2	2	0	2	2	2	0	0	1	2	2	2	2	2	2	1	3	2	1
OG0013931	13931	1	1	1	1	1	2	1	1	1	1	1	1	1	1	1	1	1	1	1	0	1	1	1	1	1	1	1	1	1	1	1
OG0015078	15078	1	1	1	1	1	1	1	1	1	1	1	1	1	1	1	1	1	1	1	1	1	1	1	1	1	1	1	1	0	1	0
OG0014369	14369	1	1	1	1	1	1	1	1	1	1	1	1	1	1	1	1	1	1	1	1	1	1	1	1	1	1	1	1	0	2	0
OG0016134	16134	1	1	1	1	1	1	1	1	1	1	1	1	1	1	1	1	1	1	1	0	1	1	1	0	1	1	1	1	1	1	0
OG0009984	9984	1	2	0	1	2	1	2	1	3	2	1	2	1	1	2	2	2	3	3	1	1	1	2	1	1	2	1	0	1	1	1
OG0017131	17131	2	1	1	1	1	1	1	1	1	1	1	1	2	0	0	0	1	1	0	0	1	1	1	1	1	0	1	0	2	1	1
OG0011220	11220	2	2	1	1	1	2	1	2	1	1	1	1	1	2	1	1	1	1	2	1	1	1	1	1	1	1	1	2	0	1	1
OG0024317	24317	1	0	0	0	0	0	0	1	0	0	1	0	0	0	0	0	0	0	0	0	0	0	0	0	0	0	0	0	0	0	0
OG0009260	9260	2	2	0	1	2	1	1	2	2	2	0	1	1	2	1	2	2	2	2	1	3	2	1	1	2	2	1	2	1	3	1
OG0017246	17246	1	2	1	1	1	1	1	0	1	1	0	1	1	1	0	0	0	1	1	2	1	1	1	1	0	1	0	2	1	2	1
OG0024568	24568	0	1	1	0	0	0	0	0	0	0	0	0	0	0	0	0	0	0	0	1	0	0	0	0	0	0	0	0	0	0	0
OG0014803	14803	1	1	1	1	1	1	1	1	1	1	1	1	1	1	1	1	1	1	1	1	1	1	1	1	1	1	1	1	1	1	0
OG0004482	4482	2	2	2	3	2	2	1	2	3	3	2	2	2	2	2	2	1	1	2	2	2	1	2	3	2	2	2	3	2	1	2
OG0026114	26114	0	1	0	0	0	0	0	0	0	0	0	0	0	0	0	0	0	0	0	0	0	0	0	0	1	0	0	0	0	0	0
OG0012117	12117	2	1	1	1	1	1	1	1	1	1	1	1	1	1	1	1	1	1	1	1	1	1	0	1	1	1	1	2	1	2	2
OG0018575	18575	1	0	1	1	0	1	1	0	1	1	0	1	1	1	0	1	0	1	1	1	1	1	0	1	0	1	1	1	1	1	1
OG0009063	9063	2	2	1	1	1	2	2	1	1	2	1	1	1	2	2	1	1	1	2	1	1	2	2	2	2	2	2	2	1	3	1
OG0010133	10133	2	1	1	2	0	0	2	1	2	2	2	1	2	2	1	1	2	1	1	1	1	2	2	1	1	2	1	2	1	4	1
OG0005446	5446	2	1	2	2	2	2	2	2	2	2	1	2	2	2	2	2	2	2	2	2	2	2	3	2	2	2	2	1	2	2	1
OG0011329	11329	1	1	1	2	1	1	1	1	1	2	1	1	1	1	1	1	1	1	1	1	1	2	1	1	1	1	1	1	4	2	0
OG0012141	12141	1	1	1	1	1	1	1	1	0	1	1	1	1	1	1	2	1	1	1	1	1	1	1	1	1	1	1	1	3	1	2
OG0015442	15442	1	1	1	1	1	1	1	1	1	1	1	1	1	1	1	1	1	1	1	1	1	1	1	1	1	1	1	1	0	1	0
OG0006040	6040	2	2	2	2	2	2	2	2	3	2	2	1	2	2	2	2	1	2	2	1	1	2	2	1	2	2	2	2	1	3	1
OG0005530	5530	2	2	1	2	2	2	2	2	2	2	2	2	2	2	2	3	2	2	1	2	2	2	2	2	2	2	2	2	1	1	1
OG0007713	7713	1	2	0	3	2	4	1	1	0	1	1	1	0	3	3	2	4	2	2	2	0	2	2	2	1	3	2	2	0	0	1
OG0011551	11551	2	1	1	1	1	1	1	1	1	1	1	2	1	1	1	1	1	1	1	1	1	1	1	0	1	1	1	1	2	3	2
OG0001570	1570	3	3	3	3	3	3	3	3	3	3	3	3	3	3	3	3	3	3	3	3	3	3	3	4	3	3	3	3	2	4	1
OG0006766	6766	2	2	1	2	2	2	2	2	2	2	2	2	2	2	2	2	1	1	2	1	2	2	1	0	1	2	2	2	3	3	1
OG0001659	1659	3	2	3	3	3	3	3	3	3	3	3	3	3	2	3	3	3	3	3	3	3	3	2	4	3	3	3	3	3	3	2
OG0020054	20054	0	1	0	1	0	0	0	2	0	1	1	0	0	1	1	0	1	1	0	1	0	1	0	0	1	1	1	0	0	0	0
OG0009978	9978	1	2	1	1	2	3	1	2	1	1	1	1	1	2	2	1	2	2	1	1	1	1	3	1	1	2	1	2	1	1	2
OG0009681	9681	2	2	2	0	1	2	2	1	2	2	1	1	1	2	1	2	2	1	1	1	2	1	2	1	2	0	1	2	2	3	1
OG0023871	23871	0	0	0	1	0	0	0	0	0	1	0	0	0	0	0	0	1	0	0	0	0	1	0	0	0	0	0	0	0	0	0
OG0011172	11172	1	1	1	1	2	1	1	1	1	1	1	2	2	1	1	1	1	1	1	1	2	1	1	1	1	2	1	2	0	2	0
OG0019534	19534	1	1	0	1	0	0	0	0	0	0	0	0	0	1	2	0	1	1	1	1	0	1	1	0	0	0	0	2	0	1	1
OG0024160	24160	0	0	0	0	0	0	0	0	0	0	0	0	1	0	1	0	0	0	0	1	0	0	1	0	0	0	0	0	0	0	0
OG0018374	18374	1	1	1	1	0	0	1	0	1	1	1	1	1	0	0	1	1	1	0	0	1	1	1	1	1	1	1	1	1	1	1
OG0022953	22953	0	0	0	0	0	0	1	0	0	0	1	0	0	0	0	0	0	0	0	0	0	0	1	0	1	0	0	0	0	0	0
OG0007640	7640	2	1	2	1	2	1	2	1	2	1	2	1	1	1	1	2	1	2	1	1	1	1	1	3	1	0	2	1	15	1	0
OG0016772	16772	1	1	0	1	1	1	1	1	1	1	1	1	1	0	1	1	1	1	1	0	1	1	0	1	1	1	0	1	2	1	1
OG0015670	15670	1	1	1	1	1	1	1	1	1	1	1	1	1	1	1	1	0	1	1	1	0	1	1	1	1	1	1	1	1	1	1
OG0020382	20382	0	1	0	0	0	0	1	1	0	0	1	0	0	0	1	0	0	0	2	0	0	0	1	1	1	0	2	0	0	0	0
OG0011119	11119	1	2	1	2	1	1	2	2	0	0	1	1	2	2	1	1	2	1	2	0	1	1	2	2	1	2	1	1	0	1	0
OG0004683	4683	2	2	2	2	2	2	2	2	2	2	2	2	2	2	2	2	2	1	2	2	2	2	2	2	2	2	2	2	1	3	1
OG0021709	21709	0	0	2	0	1	0	0	0	0	0	0	1	1	0	0	0	0	0	0	0	0	0	0	0	0	0	0	3	0	0	0
OG0018877	18877	0	0	1	0	2	0	0	1	0	0	1	1	1	0	1	2	1	1	0	1	1	0	1	2	1	0	0	1	0	2	0
OG0023774	23774	0	0	1	0	0	0	0	0	1	0	0	0	1	0	0	0	0	0	0	0	1	0	0	0	0	0	0	0	0	0	0
OG0008634	8634	2	1	1	2	1	1	3	2	2	2	2	1	2	1	1	1	1	1	1	0	2	2	2	1	2	2	2	2	1	3	2
OG0014981	14981	1	1	1	1	1	1	1	1	1	1	1	1	1	0	0	1	1	1	1	1	1	1	1	1	1	1	1	1	1	2	1
OG0019187	19187	1	1	1	0	1	1	1	1	1	1	0	1	1	0	0	1	0	0	0	0	1	1	0	0	1	1	1	0	1	1	1
OG0016923	16923	1	1	1	1	1	1	1	1	1	1	1	1	0	0	0	1	1	1	1	1	1	1	0	0	1	1	1	1	1	2	1
OG0007084	7084	2	2	2	2	2	2	2	2	2	2	2	2	2	1	2	2	1	2	1	2	2	1	2	2	2	2	2	2	1	1	2
OG0005903	5903	3	1	2	0	1	2	2	1	2	2	1	0	2	2	1	2	2	2	0	1	2	1	1	1	2	2	2	2	6	5	3
OG0010981	10981	1	0	2	2	1	1	1	1	2	2	1	2	1	1	1	2	2	1	1	2	2	2	1	1	1	2	1	1	0	0	0
OG0025778	25778	0	0	0	0	0	0	0	0	0	0	0	0	0	0	0	0	0	0	0	0	0	0	0	0	0	0	0	0	0	2	1
OG0011316	11316	2	1	0	1	1	0	1	1	1	1	1	1	1	1	2	0	2	1	0	1	3	0	3	2	2	1	3	1	0	1	0
OG0002634	2634	2	3	1	2	1	2	3	3	4	3	3	2	3	2	3	3	2	3	3	2	1	3	3	2	3	4	3	2	1	5	1
OG0023697	23697	0	0	0	0	0	0	0	1	0	0	0	0	0	0	0	0	0	0	0	0	0	0	1	0	0	0	1	0	0	0	0
OG0027322	27322	0	0	0	0	0	0	0	0	0	0	0	1	1	0	0	0	0	0	0	0	0	0	0	0	0	0	0	0	0	0	0
OG0016035	16035	1	1	1	1	1	1	1	1	1	1	1	1	0	0	1	1	0	1	1	0	1	1	1	1	1	1	1	1	3	1	0
OG0022404	22404	0	1	0	0	0	0	1	1	0	0	1	0	0	1	0	0	0	0	0	0	0	0	0	1	0	0	0	0	0	0	0
OG0000037	37	10	9	8	11	9	12	11	10	10	11	10	9	8	10	10	10	9	9	10	8	10	10	11	8	9	11	8	11	5	11	6
OG0024426	24426	1	0	0	0	0	0	0	0	0	0	0	0	1	0	0	0	0	0	0	0	0	0	0	0	0	0	0	0	0	1	0
OG0015511	15511	3	1	1	1	1	1	1	0	1	1	1	2	1	2	1	1	0	2	1	0	2	2	0	0	0	0	1	2	0	0	0
OG0006171	6171	3	3	2	0	0	1	0	3	0	0	1	1	2	2	4	0	2	2	4	1	0	2	3	4	2	2	1	1	2	5	1
OG0003964	3964	1	2	1	2	2	1	3	2	1	3	1	1	1	1	1	3	2	1	2	2	2	2	2	3	2	2	3	1	3	6	1
OG0025738	25738	0	0	0	0	0	0	0	0	0	0	0	0	0	0	0	0	0	0	0	0	0	0	0	0	0	0	0	0	1	1	1
OG0022008	22008	0	0	0	0	0	0	0	0	0	0	2	0	0	1	1	0	0	0	0	0	0	0	0	1	0	0	1	0	0	0	0
OG0011922	11922	1	1	1	1	1	1	2	1	2	2	1	2	1	1	1	0	0	1	2	1	1	1	1	1	1	1	1	1	2	1	1
OG0000232	232	3	7	4	4	10	10	5	5	9	4	9	6	6	9	7	4	4	4	9	3	4	7	5	7	4	2	7	2	2	2	3
OG0009643	9643	1	2	2	1	1	2	2	1	2	2	1	1	2	0	1	2	1	2	2	0	2	2	1	1	2	2	1	2	1	3	1
OG0024128	24128	0	0	0	0	0	0	0	0	0	0	1	0	0	0	0	1	1	0	0	0	0	0	0	0	0	0	0	0	0	1	0
OG0006200	6200	2	2	2	2	2	2	2	2	2	1	2	1	1	2	2	2	1	2	2	2	2	2	2	2	2	2	2	2	1	1	0
OG0014776	14776	1	1	1	1	1	1	1	1	1	1	1	1	1	1	1	1	1	1	1	1	1	1	1	1	1	1	1	1	0	2	0
OG0001101	1101	4	3	4	4	4	4	4	4	4	4	4	3	4	3	3	4	3	1	4	3	3	4	3	4	4	3	3	4	3	4	1
OG0009303	9303	2	1	2	2	1	2	2	1	2	2	1	1	2	1	1	2	2	1	2	1	2	2	1	1	1	1	1	1	1	4	1
OG0018325	18325	1	0	0	1	1	1	1	1	1	1	0	1	1	1	1	1	0	1	1	1	0	1	1	1	1	1	1	1	0	1	0
OG0013008	13008	2	1	2	0	0	1	1	1	1	1	1	2	1	1	0	1	1	0	1	1	2	1	1	1	1	0	1	1	1	1	2
OG0004966	4966	2	2	2	2	2	2	2	2	2	1	2	2	2	1	2	2	2	2	2	1	2	2	2	2	2	3	2	2	1	2	1
OG0016039	16039	1	1	1	1	1	1	1	0	1	1	1	1	1	1	1	1	1	1	1	1	1	1	1	1	0	1	1	1	0	1	1
OG0019106	19106	1	1	0	1	1	0	1	0	1	1	0	0	0	0	0	1	1	1	1	1	1	1	1	0	1	1	1	1	0	1	0
OG0003996	3996	1	1	2	2	2	2	2	2	2	2	2	2	2	2	2	2	2	2	2	2	2	2	2	2	2	2	2	2	2	3	4
OG0006377	6377	2	2	2	2	2	2	2	2	2	2	2	2	2	2	2	2	2	1	2	2	2	2	2	1	2	2	2	2	1	2	1
OG0020100	20100	2	1	0	0	0	1	0	0	0	0	0	0	0	1	2	1	2	0	1	0	0	1	0	0	0	1	0	0	1	1	0
OG0005997	5997	2	1	2	2	2	2	2	2	2	2	2	2	2	2	2	2	2	1	2	2	2	2	2	3	2	2	2	2	1	1	1
OG0017919	17919	1	0	1	1	1	1	1	0	1	1	1	0	0	0	1	1	1	1	1	1	1	1	1	1	1	1	1	1	1	1	0
OG0019814	19814	1	1	0	0	1	0	1	1	0	1	0	0	0	1	0	0	0	0	0	1	0	1	1	1	2	0	1	0	0	0	0
OG0022187	22187	0	0	0	0	0	0	1	0	1	0	0	0	0	0	1	1	0	0	0	1	0	0	0	0	0	0	0	0	0	2	0
OG0008350	8350	1	1	2	2	2	1	1	1	2	2	1	2	2	1	2	2	2	2	1	1	2	2	1	0	2	2	2	2	1	2	1
OG0003058	3058	2	2	3	2	3	2	3	2	2	2	2	2	2	3	2	2	3	4	2	2	2	2	3	2	2	2	2	3	1	1	1
OG0016515	16515	0	0	0	0	0	0	0	0	0	0	0	0	0	0	0	0	0	0	0	0	0	0	0	0	0	0	0	0	0	27	3
OG0019367	19367	1	1	0	1	0	1	0	1	0	1	1	0	0	1	0	1	1	1	1	0	1	1	0	0	1	1	1	0	1	1	1
OG0015671	15671	1	1	1	1	1	1	1	1	1	1	1	1	1	1	1	1	1	1	1	1	1	1	1	1	1	1	1	1	0	1	0
OG0012913	12913	1	1	1	1	1	1	1	1	1	1	1	1	1	1	1	1	1	1	1	1	1	1	1	1	1	1	1	1	0	2	1
OG0026894	26894	0	0	0	0	0	0	1	0	0	0	0	0	0	0	0	1	0	0	0	0	0	0	0	0	0	0	0	0	0	0	0
OG0018719	18719	2	1	3	0	1	1	1	0	1	0	1	3	0	2	1	0	0	0	1	0	1	0	0	0	0	0	2	0	0	0	0
OG0015734	15734	1	1	1	1	1	1	1	1	1	1	1	1	1	1	0	1	1	1	1	1	1	1	1	1	1	1	1	1	0	2	0
OG0007851	7851	1	3	0	1	1	2	2	2	0	1	2	2	1	3	1	3	1	2	3	4	0	1	1	3	2	3	1	4	0	2	0
OG0010606	10606	2	0	1	1	1	2	1	1	2	2	2	1	1	1	1	3	0	2	1	0	2	1	2	1	1	1	1	1	1	2	2
OG0024785	24785	0	0	1	0	1	0	0	0	0	0	0	0	0	0	0	0	0	0	0	0	1	0	0	0	0	0	0	0	0	0	0
OG0011799	11799	1	1	2	1	2	1	1	1	1	1	1	1	1	1	1	1	1	1	1	1	2	1	1	1	1	1	1	1	1	1	1
OG0004464	4464	1	1	1	3	1	1	3	2	2	3	2	3	4	1	1	2	2	1	2	1	3	2	2	3	3	2	4	2	0	1	0
OG0010890	10890	2	2	1	1	1	2	1	1	1	1	1	1	1	2	2	1	1	1	2	1	1	1	1	1	1	1	1	1	1	1	1
OG0021657	21657	0	0	0	0	0	0	0	1	0	0	0	0	0	0	0	0	0	1	1	0	0	0	0	1	0	1	1	0	0	0	0
OG0017361	17361	1	1	1	1	2	0	0	1	0	2	1	1	1	1	3	0	2	0	1	0	1	1	1	1	1	0	1	0	0	0	0
OG0025358	25358	0	0	0	0	0	0	0	0	0	0	1	0	0	1	0	0	0	0	0	0	0	0	1	0	0	0	0	0	0	0	0
OG0028102	28102	0	0	0	0	0	0	0	0	0	0	0	0	0	0	0	0	0	0	0	0	0	0	0	0	0	0	0	0	1	0	1
OG0003125	3125	1	2	2	2	2	2	2	2	2	2	1	3	2	2	2	2	2	3	2	3	4	2	1	1	2	2	2	2	9	3	0
OG0017883	17883	1	0	0	1	1	1	1	1	1	1	0	1	1	1	1	1	0	1	0	1	1	1	0	1	0	1	1	1	1	1	1
OG0010512	10512	1	2	1	2	1	2	1	1	1	2	1	1	1	1	1	2	1	1	2	1	1	2	1	2	1	2	1	2	1	1	1
OG0011381	11381	1	1	1	1	2	1	2	1	2	2	1	0	0	1	1	1	1	1	2	1	1	1	0	1	1	2	2	1	1	1	4
OG0026940	26940	0	0	0	0	0	0	1	0	0	0	0	0	0	0	0	0	0	0	0	0	0	0	0	1	0	0	0	0	0	0	0
OG0016491	16491	1	1	1	1	1	1	1	0	1	1	1	1	1	1	1	1	1	1	1	1	1	1	1	1	1	1	1	1	0	0	1
OG0000261	261	7	5	5	6	7	6	6	3	6	6	4	6	4	6	4	5	5	6	6	6	5	5	4	5	6	5	6	6	2	5	2
OG0010852	10852	2	2	1	1	1	2	2	1	2	2	1	0	1	1	0	0	1	1	0	1	2	1	2	1	2	1	1	2	1	2	2
OG0004752	4752	1	2	2	2	3	1	1	1	3	2	2	2	3	1	2	2	2	3	2	2	3	2	2	4	2	2	1	2	0	3	0
OG0016836	16836	1	1	1	1	1	1	1	1	1	1	1	1	1	1	1	1	1	1	0	0	1	1	1	1	1	1	1	0	1	0	1
OG0013062	13062	1	1	1	1	1	1	1	1	1	1	1	1	1	1	1	1	1	1	1	1	1	1	1	1	1	1	1	1	2	1	1
OG0009371	9371	2	2	1	1	1	2	1	0	2	2	2	0	2	1	2	2	2	1	1	1	2	2	2	1	2	2	2	1	3	2	2
OG0026834	26834	0	0	0	0	0	1	0	0	0	0	0	0	0	0	0	0	0	0	0	0	0	0	0	1	0	0	0	0	0	0	0
OG0018334	18334	1	1	4	1	1	0	0	1	1	0	1	0	2	0	1	0	0	1	0	0	0	1	1	1	1	2	0	0	0	0	1
OG0021385	21385	0	1	1	0	0	0	0	0	0	0	0	0	0	1	0	0	1	1	0	0	0	1	1	0	0	0	0	0	0	1	0
OG0001342	1342	3	3	4	4	4	3	4	4	4	4	3	4	3	3	2	2	2	2	2	2	4	4	3	3	3	4	2	4	2	4	1
OG0000262	262	6	6	6	6	7	5	6	6	4	6	5	5	4	6	4	6	5	5	5	4	6	6	6	6	4	6	5	5	1	3	1
OG0017706	17706	1	1	1	1	0	1	1	0	1	1	0	0	0	1	1	1	1	1	1	0	1	1	1	0	2	1	2	0	1	1	1
OG0025316	25316	0	0	0	0	0	0	0	0	0	1	0	0	0	0	1	0	0	0	0	0	0	1	0	0	0	0	0	0	0	0	0
OG0014333	14333	1	1	1	1	1	1	1	1	1	1	0	1	1	1	1	1	1	1	1	1	1	1	1	1	1	1	1	1	1	1	2
OG0002251	2251	2	4	2	2	2	6	2	4	3	2	4	2	2	4	3	3	1	2	4	3	2	2	3	4	2	3	3	2	1	2	1
OG0004158	4158	3	2	1	2	2	2	3	4	2	1	3	1	2	2	2	3	2	2	2	1	1	1	2	2	2	2	2	4	1	4	1
OG0023439	23439	1	0	0	1	0	0	0	0	0	0	0	0	0	0	0	0	0	0	0	0	0	1	0	0	0	0	0	0	0	0	0
OG0007860	7860	2	2	2	2	3	1	2	2	2	1	1	1	1	1	2	2	0	2	1	1	2	2	2	2	2	2	2	2	1	1	1
OG0018705	18705	1	1	0	1	0	1	1	0	1	1	1	0	1	1	0	1	1	1	1	1	0	1	1	1	1	0	1	1	0	1	0
OG0016784	16784	1	0	1	1	1	1	0	1	1	1	1	1	0	1	1	1	1	1	1	0	0	1	1	1	1	1	1	1	1	1	1
OG0003018	3018	2	1	2	3	2	2	3	2	3	3	4	2	2	2	3	3	3	2	2	3	2	3	2	3	3	1	3	2	2	2	1
OG0010611	10611	1	1	1	1	1	1	1	1	2	1	1	1	2	1	1	1	2	1	1	1	1	1	1	2	0	2	1	1	2	5	1
OG0011272	11272	2	1	1	2	0	2	2	2	1	1	1	2	0	1	1	0	1	1	1	1	1	2	2	0	0	1	1	1	1	1	3
OG0027669	27669	0	0	0	0	0	0	0	0	0	0	0	0	0	0	0	1	0	0	0	0	0	0	0	0	0	0	0	1	0	0	0
OG0014964	14964	1	1	1	1	1	1	1	0	1	1	1	1	1	0	1	1	1	1	1	1	0	1	0	1	1	1	1	1	2	1	2
OG0015799	15799	1	1	1	1	1	1	1	1	0	1	1	1	1	1	1	1	1	1	1	1	1	1	1	1	1	1	1	1	1	0	1
OG0010667	10667	1	1	1	1	1	1	1	1	1	1	1	2	1	1	1	1	1	1	1	1	1	1	1	1	1	1	1	1	8	2	2
OG0014265	14265	1	1	0	1	0	1	1	1	1	1	1	1	0	1	1	1	1	1	0	1	1	1	1	1	1	1	1	1	1	2	2
OG0019885	19885	1	0	0	0	1	1	0	0	1	0	1	1	0	1	0	0	0	0	1	0	0	0	3	1	2	1	1	1	0	0	0
OG0025414	25414	0	0	0	0	0	0	0	0	0	0	0	0	1	0	0	0	0	0	0	0	1	0	0	0	0	0	0	0	0	1	0
OG0011377	11377	1	1	1	1	2	2	1	1	1	1	1	1	1	1	0	1	2	2	1	2	1	1	1	1	1	2	1	1	1	1	1
OG0019449	19449	1	1	0	1	0	1	1	0	1	1	0	0	0	0	0	1	1	0	1	0	1	0	1	0	1	1	0	1	1	1	1
OG0013687	13687	1	1	1	1	1	1	1	1	1	1	1	1	1	1	0	1	1	1	1	0	1	1	1	1	1	1	1	1	2	2	1
OG0015420	15420	1	1	1	1	1	1	1	1	1	1	1	1	1	1	1	1	1	1	1	1	1	1	1	1	1	1	1	1	1	0	0
OG0004227	4227	2	2	2	2	2	2	2	2	2	2	2	2	2	2	2	2	2	2	3	2	2	2	2	2	2	2	2	2	1	3	1
OG0016902	16902	1	1	1	1	1	1	1	1	1	1	1	1	0	1	1	1	1	1	0	1	1	1	1	1	1	1	1	1	0	1	0
OG0026497	26497	0	0	1	0	0	0	0	0	0	0	0	1	0	0	0	0	0	0	0	0	0	0	0	0	0	0	0	0	0	0	0
OG0024432	24432	1	0	0	0	0	0	0	0	0	0	0	0	0	0	0	0	0	0	0	0	0	0	0	0	0	0	0	0	1	1	0
OG0024772	24772	0	0	1	0	0	0	0	0	0	0	0	1	0	0	0	0	0	0	0	0	0	0	0	0	0	0	0	0	0	0	1
OG0000204	204	1	5	8	4	7	3	7	2	10	7	4	8	6	4	6	9	9	9	5	4	8	8	7	6	6	8	5	6	0	1	0
OG0017059	17059	0	2	0	4	0	2	2	0	0	2	1	0	0	1	0	3	0	0	1	2	0	3	1	2	2	0	1	0	0	0	0
OG0020929	20929	0	1	0	1	0	0	0	0	0	0	1	0	0	1	0	1	1	0	0	0	0	0	0	1	0	0	0	1	0	0	0
OG0016966	16966	2	2	0	0	0	2	2	1	2	2	0	0	0	1	0	2	0	1	0	0	1	1	1	0	0	2	1	1	1	2	2
OG0018272	18272	1	1	1	0	1	1	1	1	1	1	0	1	1	1	1	1	1	0	1	0	1	1	1	0	0	0	1	1	1	1	1
OG0019773	19773	0	0	0	1	0	1	1	1	0	1	1	0	0	1	0	0	0	0	1	0	0	1	1	2	1	1	1	1	0	0	0
OG0026108	26108	0	1	0	0	0	0	0	0	0	0	0	0	0	0	0	0	0	0	0	1	0	0	0	0	0	0	0	0	0	0	0
OG0016526	16526	1	1	0	1	1	0	1	1	1	1	1	1	1	1	1	1	1	1	1	1	1	1	1	0	1	1	1	1	0	2	0
OG0012892	12892	1	1	1	1	1	1	1	1	1	1	1	1	1	1	1	1	1	1	1	1	1	2	1	1	1	1	1	1	0	2	1
OG0017895	17895	1	1	0	1	0	1	2	1	0	1	1	0	0	1	1	1	0	1	1	1	0	1	1	1	1	1	1	0	0	2	1
OG0016407	16407	1	1	1	1	1	1	1	1	1	1	1	1	1	1	1	1	1	1	0	1	1	1	1	1	1	1	1	1	0	1	0
OG0001386	1386	3	4	3	5	4	3	3	2	3	3	3	3	3	3	4	3	3	4	3	3	3	3	3	3	3	3	4	4	1	3	1
OG0004504	4504	2	2	2	2	2	2	2	2	2	2	2	2	2	2	2	2	2	2	2	2	2	2	2	2	2	2	2	2	0	2	1
OG0021847	21847	1	0	0	0	0	0	0	0	0	0	0	1	1	0	0	0	0	0	1	0	0	0	1	0	0	0	0	0	0	0	0
OG0016049	16049	1	1	1	1	1	1	1	1	1	1	1	1	0	1	1	1	1	1	1	1	1	1	1	1	1	1	1	1	0	1	1
OG0001466	1466	4	3	4	3	5	3	3	3	4	3	3	4	3	3	3	4	3	3	3	3	3	4	3	3	3	2	2	3	1	2	1
OG0006546	6546	2	1	2	2	2	2	2	2	2	2	1	2	2	1	1	2	2	2	1	2	2	2	2	2	2	2	1	2	1	3	1
OG0006926	6926	2	2	2	2	2	2	2	2	2	2	2	1	1	1	2	2	2	2	2	3	2	2	2	2	1	2	2	2	0	2	0
OG0019300	19300	2	0	0	0	0	1	2	0	1	0	3	0	0	1	0	1	0	0	0	0	1	1	3	1	1	0	0	0	0	1	0
OG0006669	6669	1	2	2	2	2	2	1	1	2	2	2	2	2	2	1	2	2	1	2	2	2	3	2	2	2	2	2	2	1	1	1
OG0018454	18454	1	0	0	1	0	1	1	1	1	1	1	1	0	0	0	1	1	1	0	1	1	1	1	1	1	1	1	1	1	1	1
OG0011228	11228	1	1	1	2	1	1	1	1	3	2	1	1	1	0	1	1	1	2	1	1	2	2	1	1	1	1	1	1	1	1	1
OG0002190	2190	3	3	3	3	3	3	3	3	3	3	3	3	2	2	2	3	3	3	2	2	3	2	3	3	3	3	3	3	1	3	1
OG0009546	9546	2	2	2	2	0	2	2	1	2	2	2	1	0	2	1	2	0	0	1	1	1	2	2	2	2	2	2	1	2	2	2
OG0018345	18345	1	1	1	1	1	1	1	1	1	1	0	1	1	1	1	1	1	1	1	1	1	1	0	0	0	1	0	1	0	1	0
OG0013927	13927	1	1	1	1	1	1	1	1	1	1	1	1	1	1	1	1	1	1	1	1	1	1	1	1	1	1	1	1	1	1	1
OG0013895	13895	1	1	1	1	1	2	1	1	1	1	1	1	1	1	1	1	1	1	1	1	1	1	1	1	1	1	1	1	0	1	0
OG0028273	28273	0	0	0	0	0	0	0	0	0	0	0	0	0	0	0	0	0	0	0	0	0	0	0	0	0	0	0	0	0	1	1
OG0017586	17586	1	1	1	1	1	1	1	1	0	1	1	0	1	1	1	1	1	1	1	1	1	1	1	1	1	0	1	1	0	1	0
OG0014975	14975	2	1	1	1	1	2	1	1	1	1	1	1	1	1	1	1	1	1	1	0	1	1	0	0	1	1	2	1	0	1	0
OG0003469	3469	1	1	4	2	4	0	1	3	1	1	2	5	4	1	2	2	2	2	2	3	5	3	1	4	2	0	3	5	0	0	0
OG0005549	5549	2	2	2	2	2	2	2	1	2	2	1	2	2	2	2	2	2	2	2	2	2	2	2	2	1	2	2	2	1	3	1
OG0023747	23747	0	0	1	0	0	0	0	0	0	0	0	0	0	0	0	0	0	0	0	0	0	0	0	0	0	0	0	0	2	0	1
OG0018247	18247	1	1	1	1	0	1	1	1	1	1	1	1	1	1	1	1	1	0	1	1	1	0	0	1	1	1	1	1	0	0	0
OG0018586	18586	1	1	1	1	1	0	1	1	1	1	0	1	1	1	1	1	1	1	1	0	1	1	1	0	1	1	1	1	0	0	0
OG0001560	1560	3	3	1	3	1	4	2	3	2	3	3	1	3	4	4	1	2	2	4	3	3	2	5	2	2	4	3	2	5	1	9
OG0009084	9084	3	1	2	2	2	2	1	1	2	2	1	2	2	2	1	2	2	1	1	0	2	2	1	1	1	2	0	2	1	3	1
OG0010230	10230	1	1	1	2	2	0	2	2	1	2	2	1	1	1	1	1	1	2	1	1	1	2	2	2	2	1	2	1	0	3	0
OG0024976	24976	0	0	0	1	0	0	0	0	0	1	0	0	0	0	0	0	0	0	0	0	0	0	0	0	0	1	0	0	0	0	0
OG0024623	24623	0	0	0	0	0	0	0	0	0	0	0	1	0	0	0	0	0	0	0	1	0	0	0	0	0	0	0	0	0	0	0
OG0020037	20037	1	0	0	1	0	1	1	0	1	1	0	0	0	0	0	1	0	1	0	1	0	1	1	0	0	1	0	0	1	1	1
OG0025165	25165	0	0	0	0	0	0	1	0	0	0	0	0	0	0	0	0	0	0	0	0	0	0	0	0	0	0	0	1	0	1	0
OG0020887	20887	1	0	0	0	0	0	1	1	0	0	2	0	0	0	0	0	0	0	0	0	1	0	1	1	1	0	1	0	0	0	0
OG0013066	13066	1	1	1	1	1	1	1	1	1	1	1	0	1	1	1	1	1	1	1	1	1	2	1	1	1	2	1	1	0	2	0
OG0020801	20801	2	0	0	0	1	0	0	0	0	0	0	0	1	0	0	0	1	1	0	1	0	1	0	0	0	0	1	0	0	0	0
OG0017340	17340	1	1	1	1	1	0	1	1	1	1	1	1	1	1	0	1	1	1	1	1	1	1	1	1	1	1	1	1	0	1	0
OG0002466	2466	3	3	3	1	3	3	3	2	3	3	2	2	2	2	2	3	3	3	2	3	3	2	3	3	2	3	2	3	2	5	2
OG0008253	8253	2	2	2	2	2	2	2	2	2	2	0	2	1	2	2	2	2	2	2	1	2	2	2	0	1	2	2	2	0	2	1
OG0017994	17994	1	0	1	0	2	1	0	1	1	0	2	1	1	1	0	1	1	0	1	0	0	1	1	0	0	0	2	0	3	1	1
OG0021916	21916	1	1	0	0	0	0	0	1	0	0	0	0	0	0	0	0	1	0	0	0	0	0	1	0	0	0	0	0	0	0	0
OG0012805	12805	1	1	1	1	1	1	1	1	1	1	1	1	1	1	1	1	1	1	1	1	1	1	1	1	1	1	1	1	1	2	1
OG0020837	20837	1	0	0	0	0	1	1	1	0	0	0	0	0	0	0	0	0	0	1	0	0	0	1	1	2	0	1	0	0	0	0
OG0022366	22366	0	1	0	1	0	0	0	0	0	1	0	0	0	0	1	1	1	0	0	0	0	0	0	0	0	0	0	0	0	0	0
OG0013201	13201	1	1	1	1	1	1	1	1	1	1	1	1	1	1	1	1	0	1	1	1	1	1	1	1	1	1	1	1	1	1	1
OG0015916	15916	1	1	1	1	1	1	1	0	1	1	1	1	1	1	1	1	1	1	1	1	1	1	1	1	1	1	1	1	0	1	0
OG0014739	14739	1	1	1	1	1	1	1	1	1	1	1	1	1	1	1	1	1	1	1	1	1	1	1	1	1	1	1	1	1	1	0
OG0009651	9651	2	1	2	1	1	2	2	1	2	2	1	2	2	1	2	1	1	2	2	1	2	0	1	2	1	1	1	2	1	3	1
OG0004508	4508	2	2	2	3	2	2	1	2	2	1	2	2	2	2	2	3	3	2	2	2	2	2	2	2	2	2	2	2	1	2	0
OG0012329	12329	1	2	1	1	1	1	2	0	1	1	2	1	1	1	1	1	1	1	1	1	1	1	1	1	1	0	1	1	1	2	1
OG0011447	11447	1	1	1	2	1	1	1	1	1	1	1	1	1	1	1	1	1	1	1	1	1	1	1	1	1	1	1	1	2	2	2
OG0000708	708	4	4	4	2	3	4	3	4	4	5	3	4	4	4	4	4	3	3	4	4	4	4	4	4	4	4	3	3	7	2	4
OG0007233	7233	2	2	2	2	2	2	2	2	2	2	2	2	2	2	1	2	1	2	2	0	1	2	2	2	2	1	2	1	1	1	1
OG0017840	17840	0	0	1	1	1	1	1	1	1	2	1	1	1	0	0	0	1	1	0	1	1	1	1	1	1	1	1	1	0	0	2
OG0007017	7017	3	2	2	2	1	2	2	2	1	2	2	2	2	2	2	1	1	2	2	2	2	1	2	0	2	3	2	2	0	2	1
OG0014908	14908	1	1	1	1	1	1	1	1	1	1	1	1	0	1	1	2	1	1	0	0	1	1	1	1	1	1	1	1	1	1	2
OG0017792	17792	1	1	1	1	1	1	1	1	1	1	1	1	0	0	1	0	1	1	0	0	1	1	1	1	1	1	0	1	1	1	1
OG0009806	9806	1	2	1	2	2	1	2	1	1	1	2	1	1	2	2	1	1	1	2	2	1	1	2	1	1	1	1	2	3	2	2
OG0021305	21305	1	0	0	1	1	0	0	0	0	0	0	0	0	0	2	0	0	0	0	0	0	1	0	0	0	0	0	1	0	0	0
OG0002464	2464	3	2	4	2	4	2	1	3	3	3	2	2	4	1	1	2	1	4	3	2	3	3	3	3	2	3	3	2	2	4	1
OG0005001	5001	3	3	0	2	2	3	3	1	3	3	1	2	2	2	2	2	1	1	3	1	2	1	2	2	1	3	1	2	1	3	1
OG0018031	18031	1	1	1	0	0	1	0	2	0	0	1	1	1	1	0	2	0	1	1	0	3	0	1	1	1	0	0	1	0	4	0
OG0010578	10578	1	1	1	2	0	1	0	2	1	2	2	1	1	1	1	1	2	1	1	2	1	2	1	2	1	1	1	2	2	3	0
OG0014784	14784	1	1	1	1	1	1	1	1	1	1	1	1	1	1	1	1	1	1	1	1	1	1	1	1	1	1	1	1	0	2	0
OG0009477	9477	2	1	1	1	2	0	1	2	1	1	1	2	2	4	0	0	2	3	1	0	0	2	4	1	2	2	5	0	0	0	1
OG0028262	28262	0	0	0	0	0	0	0	0	0	0	0	0	0	0	0	0	0	0	0	0	0	0	0	0	0	0	0	0	0	1	1
OG0020575	20575	0	0	0	1	0	0	0	0	0	0	0	1	1	0	0	0	1	1	0	1	1	0	1	1	1	0	1	1	0	0	0
OG0026916	26916	0	0	0	0	0	0	1	0	0	0	0	0	0	0	0	0	0	0	0	0	0	0	0	1	0	0	0	0	0	0	0
OG0006140	6140	2	2	2	1	1	2	2	3	2	2	1	2	1	1	4	2	2	3	2	1	1	2	1	2	2	2	2	1	1	4	1
OG0017484	17484	1	1	1	1	1	1	1	1	1	1	1	1	1	1	0	1	0	1	1	0	1	1	1	0	1	1	1	1	1	1	1
OG0003905	3905	2	1	2	2	2	2	2	2	2	2	2	2	1	2	2	3	2	1	2	2	3	2	2	2	2	1	2	2	1	2	5
OG0003454	3454	2	3	3	3	3	2	2	4	1	0	1	4	2	2	1	3	4	3	2	1	1	1	2	3	1	1	4	2	0	0	0
OG0023447	23447	1	0	0	0	0	0	0	0	0	0	0	0	0	0	1	0	0	0	1	0	0	0	0	0	0	0	0	0	0	0	0
OG0017940	17940	1	1	1	1	0	1	1	1	1	1	1	0	1	1	0	1	1	1	1	0	0	1	1	1	1	1	1	1	0	1	1
OG0006401	6401	1	3	1	2	2	2	2	2	1	2	2	2	2	1	1	2	3	2	2	2	2	3	2	3	2	2	2	2	0	1	0
OG0011088	11088	1	1	0	1	1	1	2	2	1	1	2	1	1	1	0	1	1	1	2	1	2	1	1	2	2	2	3	2	1	1	1
OG0013304	13304	2	1	1	1	2	1	1	1	1	1	1	1	1	1	1	1	1	1	1	1	1	1	1	1	1	1	1	1	0	1	0
OG0024593	24593	0	1	0	0	0	0	0	0	0	0	0	0	0	0	0	0	0	0	1	0	0	1	0	0	0	0	0	0	0	0	0
OG0018457	18457	1	1	0	1	0	1	1	1	1	1	1	0	0	1	1	1	1	0	0	0	1	1	1	1	1	1	1	1	1	1	1
OG0016651	16651	1	1	1	1	1	1	1	1	1	1	1	1	1	1	1	1	1	0	1	1	1	1	1	1	1	1	1	1	0	0	0
OG0022012	22012	0	0	1	1	1	0	0	0	0	0	0	0	0	0	1	0	0	0	0	0	1	0	0	0	1	0	0	0	0	0	0
OG0005984	5984	1	3	3	1	1	1	1	2	3	1	1	4	3	2	2	1	1	2	2	1	2	1	4	1	1	1	4	3	1	1	1
OG0022991	22991	0	0	0	0	0	0	0	1	0	0	1	0	1	0	0	0	0	0	0	0	0	0	0	0	0	0	0	0	0	1	0
OG0025854	25854	1	0	0	0	0	0	0	0	0	0	0	0	0	0	0	0	0	0	0	0	0	0	0	0	0	0	0	0	0	1	0
OG0019251	19251	0	3	0	0	0	2	1	2	0	0	0	0	0	1	1	0	0	0	1	0	1	0	1	2	1	0	1	1	0	0	0
OG0009283	9283	2	2	1	2	1	2	2	2	2	2	2	3	1	1	1	2	1	2	1	0	1	0	3	1	2	1	1	0	2	2	2
OG0007422	7422	2	2	2	2	2	2	2	1	2	2	2	2	1	2	1	2	1	1	2	2	2	1	2	1	2	2	2	1	2	2	2
OG0014610	14610	1	1	1	1	1	1	1	1	1	1	1	1	1	1	1	1	1	0	1	1	1	1	1	1	1	1	1	1	1	1	1
OG0010192	10192	0	1	2	2	1	1	2	0	2	2	2	2	2	1	2	2	1	2	1	2	2	2	1	1	2	2	1	1	0	0	0
OG0002544	2544	3	2	4	3	2	3	3	2	3	3	2	3	2	2	1	2	3	2	1	4	3	3	3	2	1	3	2	3	1	3	2
OG0003442	3442	4	2	1	3	3	4	4	1	4	4	2	3	1	1	0	3	0	2	1	4	2	1	0	2	1	3	2	3	1	4	2
OG0001344	1344	4	4	3	3	4	4	4	4	4	4	4	4	3	1	2	4	0	3	4	3	3	4	1	3	3	4	3	3	2	4	2
OG0025594	25594	0	0	0	0	0	0	0	0	0	0	0	0	0	0	0	0	0	0	0	0	0	0	1	0	1	0	1	0	0	0	0
OG0011357	11357	1	1	1	1	1	1	1	1	1	1	1	1	1	1	1	1	1	1	1	1	1	1	1	1	1	1	1	1	4	1	5
OG0014180	14180	1	1	1	1	2	1	1	1	1	1	1	1	1	1	1	0	1	1	1	1	1	1	1	1	1	1	1	1	1	1	1
OG0003118	3118	3	4	2	2	2	3	4	3	2	2	3	2	2	4	2	1	1	2	3	2	2	2	2	3	2	2	3	2	1	0	2
OG0010817	10817	2	2	1	1	1	1	1	0	1	2	1	1	1	2	1	1	1	1	2	2	1	2	1	1	1	1	1	1	1	3	1
OG0025123	25123	0	0	0	0	0	0	1	0	0	0	0	0	0	1	0	0	0	0	0	0	0	0	0	1	0	0	0	0	0	0	0
OG0000327	327	5	5	6	5	4	5	5	5	5	5	5	5	6	4	4	5	5	4	5	6	5	6	3	6	5	5	4	5	2	5	2
OG0026567	26567	0	0	0	1	0	0	0	0	0	1	0	0	0	0	0	0	0	0	0	0	0	0	0	0	0	0	0	0	0	0	0
OG0027874	27874	0	0	0	0	0	0	0	0	0	0	0	0	0	0	0	0	0	0	0	0	0	0	1	0	0	0	1	0	0	0	0
OG0016475	16475	1	1	1	1	1	1	1	1	1	1	1	1	1	1	1	1	1	1	1	1	1	1	1	1	1	1	1	1	0	0	0
OG0010674	10674	1	1	1	1	2	1	2	2	2	1	2	1	1	1	1	2	1	0	1	2	1	1	2	2	1	2	1	1	1	1	0
OG0013109	13109	0	1	1	1	1	1	1	1	1	1	1	1	1	1	1	1	1	1	1	1	1	1	1	1	1	1	1	1	1	1	3
OG0019040	19040	1	1	0	0	0	1	1	0	1	1	1	0	0	1	1	1	0	0	1	1	1	1	0	1	1	1	1	0	1	1	1
OG0006238	6238	2	1	2	2	1	2	2	2	2	2	2	2	2	2	1	2	2	2	1	2	2	2	2	2	2	2	1	2	1	1	1
OG0013735	13735	1	1	1	1	1	1	1	1	1	1	1	1	1	1	1	1	1	1	1	1	1	1	1	1	1	1	1	1	0	2	1
OG0026962	26962	0	0	0	0	0	0	1	0	0	0	0	0	0	0	0	0	0	0	0	0	0	0	0	1	0	0	0	0	0	0	0
OG0012455	12455	1	1	1	1	1	1	1	1	1	1	1	1	1	1	1	1	1	1	1	1	1	1	1	1	1	1	1	1	2	1	1
OG0025612	25612	0	0	0	0	0	0	0	0	0	0	0	0	0	0	0	0	0	0	0	0	0	0	0	0	1	0	1	1	0	0	0
OG0000672	672	3	4	4	4	5	3	3	5	4	3	4	4	7	1	3	4	5	5	3	4	6	3	4	4	4	5	4	5	4	5	2
OG0021832	21832	1	0	0	1	0	0	0	0	0	0	0	0	0	0	0	0	0	1	1	0	0	0	0	0	1	0	0	0	0	0	0
OG0013976	13976	1	1	1	2	2	1	2	0	2	2	0	0	1	0	0	1	2	0	1	1	1	0	2	1	1	0	1	2	2	1	2
OG0014067	14067	1	1	1	1	1	1	1	1	1	1	1	1	1	1	1	1	1	1	1	1	1	1	1	1	1	1	1	1	1	1	1
OG0009495	9495	2	2	1	2	1	2	1	2	1	2	0	1	1	2	2	1	2	2	2	2	1	2	2	2	1	1	1	2	1	1	0
OG0008334	8334	2	1	1	2	2	3	2	2	2	2	1	2	1	1	0	1	1	3	0	1	2	2	2	2	1	2	1	2	2	4	2
OG0001330	1330	2	4	5	4	5	4	2	2	3	3	2	5	2	3	3	3	3	3	5	2	4	4	3	2	3	3	2	4	1	3	1
OG0003549	3549	2	2	2	2	2	2	2	2	2	2	4	2	3	2	2	2	2	1	2	4	3	2	2	2	3	2	2	2	0	2	0
OG0016141	16141	1	1	0	1	1	1	1	1	1	1	1	1	1	1	1	1	1	1	1	1	1	1	1	1	1	1	1	1	0	1	0
OG0019916	19916	0	0	0	0	2	1	0	1	0	0	0	2	2	2	0	1	0	0	0	0	1	0	1	0	2	0	0	0	0	0	0
OG0023997	23997	0	0	0	0	0	0	1	0	0	0	0	0	0	0	0	0	0	0	0	0	0	0	0	1	0	0	1	0	0	1	0
OG0021845	21845	2	0	0	0	0	0	0	0	0	0	0	0	0	0	0	0	0	0	0	0	0	0	0	0	0	0	0	0	3	2	0
OG0025348	25348	0	0	0	0	0	0	0	0	0	0	2	0	0	0	1	0	0	0	0	0	0	0	0	0	0	0	0	0	0	0	0
OG0005937	5937	1	2	2	2	2	2	2	2	2	2	2	2	2	2	2	2	1	2	2	2	2	2	2	2	2	2	2	2	1	1	1
OG0014449	14449	1	1	1	1	0	1	1	1	1	1	1	1	1	1	0	1	1	1	1	1	1	1	1	1	1	1	1	1	1	1	2
OG0005674	5674	2	2	2	2	2	2	2	2	2	1	1	2	2	2	2	2	2	2	1	2	2	1	1	1	2	2	2	2	1	2	2
OG0009043	9043	2	1	1	1	2	1	2	2	2	2	1	1	1	1	0	2	0	1	1	1	2	2	2	2	2	2	2	2	2	3	2
OG0006759	6759	2	2	2	1	2	2	2	2	1	2	2	2	1	2	2	2	1	2	2	1	2	1	2	2	2	1	2	2	1	2	3
OG0008700	8700	2	0	1	0	2	2	1	2	2	2	2	2	1	2	2	2	1	1	1	2	2	2	2	2	2	2	2	2	1	2	2
OG0026990	26990	0	0	0	0	0	0	0	1	0	0	0	0	0	0	0	0	0	0	0	0	0	0	0	0	0	0	0	0	0	1	0
OG0002906	2906	3	3	3	1	2	2	2	1	3	3	2	4	3	2	2	4	2	2	2	3	3	1	2	1	1	3	1	4	1	3	2
OG0003291	3291	2	2	2	1	2	3	3	2	3	2	2	2	3	3	2	2	2	3	2	2	2	3	2	2	2	3	2	2	1	3	2
OG0010248	10248	2	2	1	1	2	2	1	0	2	1	2	1	2	1	1	2	1	1	1	2	2	2	1	0	1	2	1	1	1	2	1
OG0025488	25488	0	0	0	0	0	0	0	0	0	0	0	0	0	0	1	0	0	0	0	2	0	0	0	0	0	0	0	0	0	0	0
OG0017631	17631	1	1	1	1	1	1	1	1	1	1	1	1	0	1	1	0	0	1	0	1	1	1	1	1	1	1	1	1	0	1	0
OG0018506	18506	2	1	1	0	2	1	1	1	1	0	1	1	1	1	1	0	0	0	1	1	1	0	1	1	0	0	1	1	0	0	0
OG0027545	27545	0	0	0	0	0	0	0	0	0	0	0	0	0	0	1	0	0	0	0	0	0	0	0	1	0	0	0	0	0	0	0
OG0006155	6155	2	2	1	2	2	2	2	2	2	2	2	2	1	2	2	2	2	2	2	1	2	1	2	2	2	2	2	2	1	2	2
OG0017981	17981	1	1	1	1	1	1	2	1	1	1	1	1	0	1	0	1	1	1	1	1	1	1	1	0	0	1	0	1	0	1	0
OG0009859	9859	2	2	0	2	1	2	2	2	2	2	2	1	2	1	1	2	2	2	1	1	1	2	2	1	2	2	0	1	0	1	0
OG0014482	14482	1	1	1	0	1	1	1	1	1	1	1	1	1	1	1	1	1	1	1	1	1	1	1	1	1	1	1	1	1	1	1
OG0003008	3008	3	3	2	3	2	3	3	3	2	2	3	2	2	1	1	1	3	3	3	3	3	3	3	2	3	2	1	2	1	3	0
OG0013995	13995	1	1	1	1	1	1	1	1	1	1	1	1	1	1	1	1	1	1	1	1	1	1	1	1	1	0	1	1	0	3	1
OG0021442	21442	0	0	0	0	1	0	0	0	0	0	1	0	0	0	1	1	0	0	0	0	1	0	0	0	1	0	0	0	0	0	0
OG0015509	15509	1	1	1	0	1	1	1	1	1	1	1	1	0	1	1	1	1	1	1	1	0	1	1	1	1	1	1	1	1	1	3
OG0009324	9324	1	1	1	1	1	1	3	3	1	1	2	1	2	1	1	1	1	1	1	1	1	1	4	3	4	1	3	1	1	2	1
OG0003601	3601	1	2	2	1	3	2	2	2	2	2	4	2	3	2	2	3	2	2	3	2	2	2	1	3	3	2	2	2	1	3	2
OG0008813	8813	2	2	2	2	2	2	1	2	2	2	2	2	2	0	2	2	1	2	1	0	2	1	2	2	2	1	1	2	1	2	1
OG0008301	8301	2	1	2	2	2	1	2	1	2	2	2	2	2	1	1	2	2	2	1	2	2	2	1	2	1	1	1	2	1	4	0
OG0020153	20153	2	1	0	0	0	2	2	1	0	0	0	0	0	1	1	2	0	1	1	0	0	0	0	0	0	0	0	0	0	0	0
OG0015558	15558	1	0	1	1	1	1	1	1	1	1	1	1	1	1	1	1	1	1	1	1	1	1	1	1	1	1	1	1	1	1	0
OG0015638	15638	1	1	1	1	1	1	1	1	1	1	1	1	1	1	1	1	1	1	1	1	1	1	1	1	1	1	1	1	0	0	0
OG0009675	9675	2	2	2	2	1	2	1	0	1	2	2	1	1	1	2	1	1	1	1	1	1	2	2	2	2	2	2	2	1	3	1
OG0010127	10127	1	1	1	2	1	2	0	1	2	2	1	2	1	1	1	2	2	1	2	1	2	2	1	1	0	2	1	2	0	4	1
OG0025302	25302	0	0	0	0	0	0	0	0	0	2	0	0	0	0	0	0	0	0	0	0	0	1	0	0	0	0	0	0	0	0	0
OG0018851	18851	1	1	1	1	1	1	1	1	1	0	0	1	1	1	1	1	1	1	0	1	1	1	0	0	0	2	0	1	0	1	0
OG0020004	20004	1	0	0	1	1	0	1	2	0	0	0	0	0	1	1	0	0	0	1	1	0	0	0	1	0	2	1	0	0	0	0
OG0004377	4377	3	2	2	2	1	2	2	2	2	2	2	2	2	2	2	2	2	2	1	2	2	2	2	2	2	2	2	2	1	3	2
OG0021928	21928	1	1	0	0	0	1	0	0	0	0	0	0	0	1	0	1	0	0	1	0	0	1	0	0	0	0	0	0	0	0	0
OG0018907	18907	2	0	0	1	0	0	1	1	0	1	0	2	0	0	0	1	0	1	0	2	0	1	2	1	1	0	1	0	1	2	1
OG0007669	7669	2	2	2	2	1	2	2	1	2	2	2	2	1	2	2	2	1	2	1	1	2	2	2	1	1	1	2	2	1	1	3
OG0002903	2903	3	3	1	3	2	2	2	2	3	3	1	2	2	3	2	3	3	3	3	3	2	3	1	1	2	3	3	3	2	4	2
OG0010773	10773	1	1	2	1	1	1	2	2	2	1	1	1	2	1	1	2	1	1	2	1	2	1	1	2	1	2	1	1	1	1	1
OG0006345	6345	2	3	2	1	2	2	2	2	1	2	2	2	2	2	2	2	2	0	2	1	2	2	2	2	2	2	1	1	2	3	2
OG0024722	24722	0	0	0	0	0	0	0	0	0	0	0	0	0	0	0	0	0	0	0	0	0	0	1	0	0	0	0	0	1	0	0
OG0008033	8033	2	1	3	2	3	2	3	2	2	2	1	2	2	1	0	2	3	1	1	2	1	2	1	3	1	1	1	1	1	1	1
OG0004027	4027	2	2	2	2	2	1	2	2	2	2	2	2	3	2	0	2	3	3	2	3	2	1	2	2	2	2	2	2	2	3	1
OG0016337	16337	1	1	1	1	0	1	1	1	1	1	1	1	1	1	1	1	1	1	1	1	1	1	0	0	1	1	1	1	1	1	1
OG0015311	15311	1	1	1	1	1	1	1	1	1	1	1	1	1	1	1	1	1	0	1	1	1	1	1	1	1	1	1	1	1	1	0
OG0008224	8224	2	1	2	1	2	2	2	2	2	2	2	2	2	1	2	1	2	2	2	2	1	2	2	1	2	2	0	2	1	2	1
OG0006600	6600	2	2	2	1	2	2	2	2	2	2	1	2	2	2	2	1	2	2	2	2	2	2	1	1	1	2	2	1	2	2	1
OG0004698	4698	3	3	2	2	1	2	3	2	3	2	1	2	2	1	2	2	2	2	2	2	1	2	2	2	2	2	2	2	1	4	1
OG0008787	8787	2	1	1	2	2	2	2	0	2	2	2	2	2	1	2	2	1	1	2	2	1	1	0	1	2	2	2	2	1	3	1
OG0005048	5048	2	2	2	2	2	2	2	2	1	2	2	2	2	1	2	2	2	2	2	2	2	2	2	3	2	2	2	2	1	3	1
OG0007015	7015	2	2	2	1	1	2	2	2	2	2	2	2	2	1	1	2	1	2	2	2	2	1	2	2	2	2	2	2	2	2	2
OG0013186	13186	1	1	1	1	1	1	1	1	1	1	1	1	1	1	1	1	1	1	1	1	1	1	1	1	1	1	1	1	1	1	1
OG0019232	19232	1	1	1	1	1	1	0	0	1	1	0	1	1	0	0	1	1	0	0	0	1	1	0	1	0	1	0	1	1	1	2
OG0006919	6919	2	1	2	2	2	1	2	1	2	2	2	2	2	2	2	2	1	2	2	1	2	2	1	1	2	2	2	2	1	2	3
OG0027075	27075	0	0	0	0	0	0	0	0	1	0	0	1	0	0	0	0	0	0	0	0	0	0	0	0	0	0	0	0	0	0	0
OG0002036	2036	3	3	2	3	3	3	3	3	3	3	3	1	3	3	3	3	3	3	3	2	2	3	3	4	3	3	3	3	1	3	2
OG0012164	12164	2	1	1	1	2	1	1	1	1	2	0	1	1	1	1	1	0	2	0	2	1	1	1	2	0	0	1	1	1	1	0
OG0022783	22783	1	0	0	0	0	0	0	0	0	0	0	0	0	0	0	0	0	0	0	0	0	0	0	0	0	0	0	0	1	2	1
OG0027715	27715	0	0	0	0	0	0	0	0	0	0	0	0	0	0	0	0	1	1	0	0	0	0	0	0	0	0	0	0	0	0	0
OG0013438	13438	1	1	1	1	1	1	1	1	1	1	1	1	1	1	1	1	1	1	1	1	1	1	1	1	1	1	1	1	1	2	0
OG0012942	12942	1	1	1	1	1	1	1	1	1	2	1	2	1	0	0	1	1	0	0	0	1	0	1	1	1	0	1	1	1	7	1
OG0022237	22237	1	0	0	0	0	1	0	0	0	1	0	0	0	1	1	0	0	0	0	0	0	1	0	0	0	0	0	0	0	0	0
OG0012109	12109	1	1	1	1	1	1	1	1	1	1	0	1	1	1	1	2	1	2	1	1	1	2	1	1	1	2	1	1	1	2	1
OG0013150	13150	1	1	1	1	1	1	1	1	1	1	1	1	1	1	1	1	1	1	1	1	1	1	1	1	1	1	1	1	1	1	1
OG0014104	14104	1	1	1	1	1	1	1	1	1	1	1	1	1	1	1	1	1	1	1	1	1	1	1	1	1	1	1	1	1	1	0
OG0025461	25461	0	0	0	0	0	0	0	0	0	0	0	0	0	1	1	0	0	0	1	0	0	0	0	0	0	0	0	0	0	0	0
OG0010178	10178	2	1	2	2	3	1	1	1	1	1	1	2	2	1	1	1	1	1	1	2	2	2	1	1	1	1	1	1	2	1	3
OG0009523	9523	2	3	1	2	0	2	2	2	0	2	2	0	0	2	1	2	2	1	2	0	1	1	2	2	2	2	2	0	1	3	1
OG0008442	8442	1	1	1	2	1	1	2	2	2	2	1	2	3	1	1	2	2	2	1	1	1	2	1	2	2	2	2	2	1	1	3
OG0024775	24775	0	0	1	0	0	0	0	0	0	0	0	0	1	0	0	0	0	0	0	0	0	0	0	0	0	0	0	0	0	1	0
OG0004409	4409	1	2	3	1	5	2	1	1	1	0	1	5	5	2	2	2	1	1	4	1	1	1	1	3	1	2	2	4	3	2	0
OG0003852	3852	2	3	2	2	2	2	2	2	2	2	2	2	2	3	1	2	2	2	3	2	2	3	2	2	1	2	2	2	1	2	1
OG0018026	18026	1	1	1	1	0	1	1	0	1	1	0	1	1	1	1	1	1	1	1	0	1	1	1	0	0	1	1	1	1	1	1
OG0003750	3750	2	2	2	2	2	2	2	2	2	3	1	2	2	2	2	2	3	1	2	2	2	3	2	2	2	2	2	2	1	1	1
OG0012050	12050	1	1	2	1	2	1	1	1	2	2	0	1	1	1	1	1	1	1	0	0	1	1	1	1	1	1	1	2	0	3	0
OG0018001	18001	1	1	1	1	1	1	1	1	1	1	1	1	0	1	0	1	0	0	0	0	1	1	0	1	1	1	1	1	1	1	1
OG0003545	3545	2	2	3	2	2	2	2	2	3	3	2	2	2	1	2	2	2	2	2	2	2	2	2	3	3	2	3	2	1	2	1
OG0003351	3351	3	2	3	2	3	3	3	2	3	3	1	2	3	1	1	3	1	1	2	1	2	3	2	2	2	3	1	3	2	3	1
OG0000109	109	8	5	7	9	7	6	7	6	8	8	6	4	5	4	6	10	8	8	5	6	7	7	7	6	6	8	7	8	5	10	4
OG0022530	22530	0	0	1	0	0	0	0	0	0	0	0	0	2	0	0	0	0	0	0	0	2	0	0	1	0	0	0	0	0	0	0
OG0012163	12163	1	1	1	1	1	1	1	1	1	1	1	1	1	1	1	1	1	1	1	1	1	1	1	1	1	1	1	1	0	2	3
OG0013492	13492	1	1	1	1	1	1	1	1	1	1	1	1	1	1	1	1	1	1	1	1	1	1	1	1	1	1	1	1	1	1	1
OG0001804	1804	2	4	3	3	3	3	3	2	2	3	3	4	2	3	3	3	3	3	3	3	4	2	3	3	2	3	3	3	2	3	1
OG0001267	1267	3	4	2	4	4	3	3	3	4	4	3	4	4	3	4	3	2	3	3	3	4	4	2	3	3	3	3	4	2	3	2
OG0023365	23365	1	0	0	0	0	0	0	0	0	0	0	0	0	0	0	0	0	0	0	0	0	0	0	0	1	0	1	0	0	0	0
OG0021883	21883	1	1	0	0	0	0	0	0	0	0	0	0	0	0	0	0	0	0	0	1	0	0	0	1	1	0	0	0	0	0	0
OG0020084	20084	0	0	0	0	1	0	0	0	0	0	2	1	1	2	0	2	0	0	1	0	1	1	0	1	0	0	0	1	0	1	0
OG0004447	4447	1	2	1	3	2	1	2	3	1	1	1	3	1	3	2	1	1	2	3	2	1	3	2	4	1	2	1	3	2	1	3
OG0006039	6039	2	2	2	2	2	2	2	2	2	2	2	2	2	1	2	2	2	2	1	2	2	1	2	2	2	2	2	2	0	2	0
OG0020098	20098	1	0	1	0	0	0	0	1	1	0	0	1	1	1	0	1	1	1	1	1	1	0	1	0	0	1	0	0	0	0	0
OG0028308	28308	0	0	0	0	0	0	0	0	0	0	0	0	0	0	0	0	0	0	0	0	0	0	0	0	0	0	0	0	0	1	1
OG0004877	4877	2	2	2	2	2	2	2	1	3	2	2	2	2	1	2	2	2	2	2	2	1	2	2	2	2	2	2	2	2	2	2
OG0019481	19481	1	2	0	1	0	1	1	0	0	0	1	1	1	4	1	0	0	0	1	0	0	0	1	1	0	2	0	0	0	0	0
OG0015313	15313	1	1	1	1	1	1	1	1	1	1	1	1	1	1	1	1	1	1	1	1	1	1	1	1	1	1	1	1	0	1	0
OG0021104	21104	1	0	0	1	0	1	1	0	1	0	0	0	0	0	1	0	0	0	0	1	0	0	1	1	0	0	0	0	0	0	0
OG0004309	4309	2	2	2	2	2	2	2	2	2	2	2	2	2	2	2	2	2	2	2	2	2	2	2	2	2	2	2	2	1	2	2
OG0017093	17093	1	1	1	1	2	0	1	0	1	0	1	0	1	1	1	1	1	1	1	1	1	1	1	0	1	0	1	1	1	3	1
OG0020776	20776	0	0	1	1	1	0	0	0	1	1	0	1	0	0	0	1	1	0	0	0	0	1	0	0	0	0	0	1	0	1	0
OG0012317	12317	1	1	1	1	1	1	1	1	1	1	1	1	1	1	1	1	1	1	1	1	1	1	1	1	1	1	1	1	1	2	1
OG0017447	17447	1	1	1	1	1	1	1	1	1	1	1	1	1	1	1	1	1	1	1	0	1	1	1	1	1	1	1	1	0	0	0
OG0027321	27321	0	0	0	0	0	0	0	0	0	0	0	1	0	0	0	0	0	0	0	0	1	0	0	0	0	0	0	0	0	0	0
OG0025736	25736	0	0	0	0	0	0	0	0	0	0	0	0	0	0	0	0	0	0	0	0	0	0	0	0	0	0	0	0	1	1	1
OG0011889	11889	1	1	1	1	1	1	1	1	1	1	1	1	1	1	1	1	1	1	1	1	1	1	1	1	1	1	1	2	1	3	1
OG0003878	3878	3	2	2	2	2	2	2	2	2	2	1	1	2	2	2	2	1	1	2	2	2	2	2	3	2	2	2	2	3	3	1
OG0009869	9869	1	1	1	0	2	2	4	1	2	0	1	2	2	1	1	1	1	1	1	1	2	1	2	6	2	1	2	1	0	0	0
OG0009415	9415	1	2	1	1	2	2	2	2	2	1	2	2	1	3	2	2	1	0	2	2	1	1	1	2	1	2	2	1	0	3	0
OG0002237	2237	1	2	5	1	6	4	4	3	4	1	3	4	3	3	2	0	0	3	3	0	4	1	1	5	2	2	6	3	0	2	0
OG0013580	13580	1	1	1	1	1	1	1	1	1	1	1	1	1	1	1	1	1	1	1	1	1	1	1	1	1	1	1	1	1	1	1
OG0024534	24534	0	1	0	0	0	1	0	0	0	0	0	0	0	1	0	0	0	0	0	0	0	0	0	0	0	0	0	0	0	0	0
OG0001907	1907	3	3	3	3	3	3	3	2	2	3	2	2	3	3	3	3	3	3	3	3	3	2	3	2	3	3	2	3	2	3	5
OG0006405	6405	2	2	2	2	2	2	0	2	2	2	3	2	2	2	2	3	1	3	2	1	2	2	1	1	2	2	2	1	1	2	1
OG0019228	19228	1	1	1	1	1	1	0	1	1	1	0	0	1	1	0	1	0	1	0	1	1	1	1	0	0	1	0	0	1	0	0
OG0026869	26869	0	0	0	0	0	0	1	0	0	0	0	0	0	0	0	0	0	0	0	0	0	0	1	0	0	0	0	0	0	0	0
OG0016915	16915	2	1	0	1	1	1	0	1	1	1	1	1	0	1	1	1	1	1	1	1	1	1	1	1	1	1	1	1	0	3	0
OG0005546	5546	2	2	2	2	2	2	2	2	2	2	2	2	2	1	2	2	2	2	2	2	1	2	2	2	2	2	2	1	1	5	1
OG0027926	27926	0	0	0	0	0	0	0	0	0	0	0	0	0	0	0	0	0	0	0	0	0	0	0	1	1	0	0	0	0	0	0
OG0004160	4160	2	1	2	2	2	2	2	2	2	2	2	2	2	2	2	3	3	2	2	2	2	2	2	2	2	2	2	2	1	3	1
OG0025911	25911	1	0	0	0	0	0	0	0	0	0	0	0	0	0	1	0	0	0	0	0	0	0	0	0	0	0	0	0	0	0	0
OG0002239	2239	4	2	2	3	2	5	2	1	2	2	2	2	2	1	5	2	2	2	3	2	2	2	3	3	3	3	3	3	5	3	4
OG0018842	18842	1	0	0	1	0	1	1	1	2	1	1	0	0	0	1	1	1	0	1	0	1	1	1	0	1	1	1	0	2	1	1
OG0011711	11711	2	1	1	1	1	1	1	2	1	1	3	0	0	1	1	1	1	1	1	1	1	1	2	1	1	2	1	1	1	2	1
OG0000852	852	4	3	4	4	3	4	4	4	4	4	4	4	4	3	3	4	3	4	3	4	4	4	4	4	4	3	4	4	1	4	1
OG0021568	21568	1	0	1	0	0	0	0	1	0	0	1	0	0	1	0	0	0	1	0	0	1	1	0	0	0	0	0	0	0	0	0
OG0011046	11046	1	2	1	1	0	1	2	2	1	1	2	1	1	1	1	1	1	1	1	1	1	1	2	2	2	2	2	1	1	1	1
OG0011784	11784	1	1	1	2	1	1	1	1	1	2	1	1	1	1	1	2	1	1	1	1	1	2	1	1	1	1	1	1	1	2	0
OG0005253	5253	2	2	2	2	2	2	2	2	2	2	2	2	2	1	1	2	2	2	1	2	2	2	2	2	1	2	2	2	2	3	2
OG0002637	2637	3	2	3	2	2	3	3	2	3	2	1	3	3	3	3	3	3	2	2	3	3	3	3	2	2	3	2	3	1	3	1
OG0009573	9573	2	2	1	1	2	2	1	2	2	1	1	2	2	2	2	2	1	1	1	2	2	2	1	1	2	2	1	1	1	2	1
OG0025142	25142	0	0	0	0	0	0	1	0	0	0	0	0	0	1	0	0	0	0	0	0	0	0	0	1	0	0	0	0	0	0	0
OG0010828	10828	2	4	0	0	0	3	6	1	0	0	3	0	0	1	2	0	0	0	2	2	0	0	3	5	2	0	2	0	0	0	0
OG0019658	19658	1	0	0	0	1	1	0	1	1	0	1	0	0	1	0	0	0	1	0	0	1	0	1	1	0	1	0	0	1	1	2
OG0000542	542	5	5	3	5	5	5	5	5	4	5	4	4	4	1	4	5	4	4	4	4	4	4	5	4	5	5	5	5	0	5	0
OG0005749	5749	2	2	2	2	2	2	1	1	2	2	2	2	2	2	2	2	2	2	2	2	2	2	1	1	2	2	2	2	2	2	1
OG0016630	16630	3	1	1	1	1	0	0	1	1	1	0	1	1	1	1	1	1	1	0	1	1	1	1	1	1	1	0	1	0	1	2
OG0023564	23564	0	1	0	0	1	0	0	0	0	0	0	0	0	1	0	0	0	0	0	0	0	0	0	0	0	0	0	0	0	0	0
OG0014512	14512	1	1	1	1	1	1	1	1	1	1	1	0	1	1	1	1	1	2	1	1	1	1	0	1	1	1	1	1	1	2	1
OG0012247	12247	1	1	2	1	0	1	1	1	2	1	2	1	1	1	1	1	1	1	1	1	2	1	1	1	1	1	1	1	0	2	0
OG0001554	1554	3	3	3	3	3	3	2	3	3	3	3	3	2	3	3	3	3	3	3	2	3	3	3	3	3	3	3	3	2	5	2
OG0012768	12768	1	0	1	1	1	1	2	1	1	1	1	0	0	0	1	1	1	1	1	1	1	1	0	0	2	0	2	1	2	3	3
OG0003985	3985	2	2	2	2	2	2	2	2	2	2	2	2	2	2	2	2	2	2	2	2	2	2	2	2	2	2	2	2	2	2	3
OG0019293	19293	1	0	0	0	0	1	1	1	1	1	1	0	0	1	0	1	1	0	0	1	1	1	1	2	1	1	0	1	0	1	0
OG0003680	3680	2	2	2	2	2	2	2	2	2	2	2	2	3	2	2	3	2	3	2	2	2	2	2	2	2	2	2	2	1	3	2
OG0024608	24608	0	0	1	0	0	0	0	0	0	0	0	0	0	0	0	0	0	0	0	0	1	0	0	0	0	0	0	0	0	0	0
OG0009425	9425	2	2	0	2	1	1	2	2	2	2	2	1	1	2	2	2	1	2	1	1	2	1	2	1	2	2	2	1	1	2	1
OG0022424	22424	0	0	1	0	0	0	0	0	0	0	0	1	0	0	1	0	0	0	0	0	0	0	0	0	0	0	0	0	0	0	0
OG0004906	4906	2	2	2	2	2	2	2	2	2	2	2	2	2	2	1	2	2	2	2	2	2	2	2	2	2	2	2	2	1	2	1
OG0013781	13781	1	1	1	1	1	1	1	1	1	1	1	1	1	1	1	1	1	1	1	1	1	1	1	1	1	1	1	1	1	1	1
OG0017913	17913	2	1	1	0	1	1	1	0	2	1	0	1	1	0	0	1	1	1	1	0	2	0	0	0	0	2	0	1	1	2	1
OG0026062	26062	1	0	0	0	0	0	0	0	0	0	0	0	0	0	0	0	0	0	0	0	0	0	0	0	0	0	0	0	0	1	0
OG0011870	11870	1	1	1	1	1	1	1	1	1	2	0	1	1	1	1	1	1	1	1	1	1	2	1	0	1	1	1	2	1	3	1
OG0024133	24133	0	0	0	0	0	0	0	0	0	0	1	0	0	0	0	0	0	0	0	0	0	0	0	1	1	0	1	0	0	0	0
OG0021556	21556	1	0	0	0	0	0	0	0	1	0	0	0	0	0	0	1	1	0	0	0	0	0	0	0	0	1	0	0	1	1	1
OG0015996	15996	1	1	1	1	1	1	1	1	1	1	1	0	1	1	1	1	1	0	1	1	1	1	1	1	1	1	1	1	0	1	0
OG0000237	237	6	6	6	6	4	5	4	5	6	6	4	6	6	5	6	6	5	5	5	6	5	6	4	5	5	6	5	6	2	7	2
OG0000682	682	4	3	4	4	4	4	4	4	4	4	4	4	4	3	3	4	3	4	3	5	4	2	4	5	4	4	4	4	6	4	3
OG0015701	15701	1	1	1	1	1	1	1	1	1	1	1	1	1	1	1	1	1	1	1	1	1	1	0	1	1	1	1	1	1	1	0
OG0004144	4144	2	2	2	2	2	2	2	2	2	2	2	2	2	1	1	2	2	2	2	2	2	2	2	2	2	2	2	2	2	3	3
OG0011771	11771	1	1	1	2	0	1	1	1	1	1	1	1	0	1	1	1	2	1	1	1	1	2	1	1	1	2	1	1	2	2	2
OG0008870	8870	2	2	1	1	2	2	2	2	2	2	1	1	1	1	1	2	1	2	1	2	2	2	2	1	2	1	2	2	1	2	2
OG0024087	24087	0	0	0	0	0	0	0	0	1	0	0	0	0	0	0	0	0	1	0	0	1	0	0	0	0	0	0	0	0	0	1
OG0018517	18517	1	1	1	1	0	1	1	0	1	1	1	1	1	1	0	1	1	1	1	1	1	1	1	0	1	1	0	0	0	1	0
OG0001643	1643	4	3	4	4	3	4	3	3	4	4	2	4	2	2	2	2	2	4	2	2	4	3	2	3	2	4	4	3	3	4	0
OG0010162	10162	2	1	0	2	2	1	2	1	2	2	2	1	1	1	1	1	1	1	0	1	2	2	3	2	1	2	2	2	1	2	1
OG0008028	8028	2	1	2	2	2	2	1	2	2	2	1	2	2	2	2	2	1	2	2	1	2	2	1	2	2	2	1	2	0	2	1
OG0020362	20362	1	2	0	0	1	0	1	0	0	0	1	1	1	1	2	1	0	0	0	0	0	1	0	0	0	0	1	0	0	0	0
OG0009434	9434	2	2	2	1	1	1	2	1	2	2	1	1	2	2	1	2	1	1	2	1	2	1	1	1	1	2	1	2	1	2	1
OG0003931	3931	3	1	1	1	2	1	6	4	2	1	3	1	2	1	1	3	1	4	1	2	2	2	3	3	2	1	2	4	1	1	1
OG0025860	25860	1	0	0	0	0	1	0	0	0	0	0	0	0	0	0	0	0	0	0	0	0	0	0	0	0	0	0	0	0	0	0
OG0012754	12754	1	1	1	1	2	1	1	1	1	1	1	1	1	1	1	1	1	1	1	1	1	1	1	1	1	1	1	1	1	1	1
OG0015203	15203	1	1	1	1	1	1	1	1	1	1	1	1	1	1	1	1	1	1	1	1	1	1	1	1	1	1	1	1	0	1	0
OG0013429	13429	1	1	1	1	1	1	1	1	1	1	1	1	1	1	1	1	1	1	1	1	1	1	1	1	1	1	1	1	0	1	2
OG0013312	13312	1	1	1	1	1	1	1	1	1	1	1	1	1	1	0	1	1	1	1	1	1	1	1	1	1	1	1	1	1	2	1
OG0027341	27341	0	0	0	0	0	0	0	0	0	0	0	1	1	0	0	0	0	0	0	0	0	0	0	0	0	0	0	0	0	0	0
OG0003873	3873	2	2	2	2	2	3	1	3	2	2	3	2	2	2	2	2	2	2	3	2	2	2	2	3	2	2	2	2	0	4	0
OG0010403	10403	3	0	2	0	1	2	2	2	2	2	1	1	1	1	0	2	1	1	1	0	2	1	2	1	1	2	2	1	1	2	1
OG0014699	14699	1	1	1	1	1	1	1	1	1	1	1	1	1	1	1	1	1	1	1	1	1	1	1	1	1	1	1	1	1	1	0
OG0014733	14733	1	1	1	1	0	1	1	1	1	2	1	0	0	1	1	1	2	1	1	1	2	1	1	1	1	1	1	2	1	1	0
OG0010908	10908	2	2	1	1	1	2	2	2	2	2	1	1	1	1	1	1	1	1	0	0	1	1	0	2	1	1	2	1	1	3	1
OG0010835	10835	1	2	1	2	1	1	1	0	2	2	1	2	1	1	1	0	0	1	1	1	2	2	2	1	1	1	1	2	2	1	4
OG0028126	28126	0	0	0	0	0	0	0	0	0	0	0	0	0	0	0	0	0	0	0	0	0	0	0	0	0	0	0	0	1	0	1
OG0013371	13371	1	1	1	1	1	1	1	1	1	1	1	1	1	1	1	1	1	1	1	1	1	1	1	1	1	1	1	1	1	2	0
OG0020947	20947	0	0	0	0	0	1	0	0	0	0	1	0	0	1	1	0	0	0	0	1	0	0	1	1	1	0	1	0	0	0	0
OG0018092	18092	1	0	1	1	1	1	1	1	1	1	1	0	1	0	1	1	1	0	0	0	1	1	1	1	0	1	1	0	1	3	1
OG0025366	25366	0	0	0	0	0	0	0	0	0	0	1	0	0	0	0	0	0	0	0	0	0	0	1	0	0	1	0	0	0	0	0
OG0006191	6191	2	2	2	2	2	2	2	2	2	2	1	1	2	2	2	2	2	2	2	2	2	2	2	2	2	2	1	2	1	2	1
OG0014174	14174	1	1	1	1	1	1	1	1	1	1	1	1	1	1	1	1	1	1	1	1	1	1	1	1	1	1	1	1	1	1	0
OG0001890	1890	3	3	2	3	3	3	3	3	3	3	2	3	3	3	3	3	2	3	3	3	3	3	3	3	3	3	3	3	1	3	1
OG0009601	9601	2	1	1	2	1	1	2	2	2	2	1	1	2	0	2	2	1	0	1	1	2	2	2	2	1	2	1	2	1	2	2
OG0028011	28011	0	0	0	0	0	0	0	0	0	0	0	0	0	0	0	0	0	0	0	0	0	0	0	0	0	1	0	1	0	0	0
OG0016104	16104	1	1	2	1	1	1	1	1	1	1	1	1	1	1	1	1	1	1	1	1	2	1	1	0	0	1	1	1	0	1	0
OG0015790	15790	1	0	1	0	2	1	0	0	1	0	5	2	1	1	0	0	0	3	0	1	3	0	2	2	1	1	0	0	0	0	0
OG0010721	10721	2	2	0	0	2	1	1	0	2	2	1	2	2	1	0	2	1	1	2	1	2	1	1	0	0	2	2	2	2	2	1
OG0021896	21896	1	1	0	0	0	0	0	0	0	0	1	0	0	1	0	0	0	0	0	0	0	0	0	0	0	0	0	0	0	0	0
OG0000050	50	6	5	14	5	7	8	7	4	9	7	14	12	9	9	6	8	6	7	6	10	8	7	13	11	11	6	9	11	5	18	1
OG0025981	25981	1	0	0	0	0	0	0	0	0	0	0	0	0	0	0	0	0	0	0	0	0	0	0	0	0	0	0	0	0	1	0
OG0021025	21025	0	0	0	0	0	0	0	0	0	0	0	0	0	0	0	0	0	0	0	0	0	0	0	0	0	0	0	0	0	3	8
OG0007280	7280	3	2	1	1	1	3	2	1	0	2	1	1	0	1	1	1	2	1	3	1	1	3	2	0	2	2	2	3	4	6	3
OG0007446	7446	2	2	2	2	1	2	2	2	2	2	2	2	2	1	2	2	2	2	2	2	2	2	2	1	2	2	2	2	0	2	0
OG0028049	28049	0	0	0	0	0	0	0	0	0	0	0	0	0	0	0	0	0	0	0	0	0	0	0	0	0	0	0	0	1	0	1
OG0020768	20768	0	0	1	0	0	0	0	0	0	0	1	0	1	0	0	0	0	0	0	1	1	1	0	1	1	1	1	1	0	0	0
OG0015348	15348	1	1	1	1	1	1	1	1	1	1	1	1	1	1	1	1	1	1	1	1	1	1	1	1	1	1	1	1	0	1	0
OG0010544	10544	2	2	0	1	0	2	3	1	3	3	1	0	0	0	0	2	1	2	0	0	1	3	1	1	1	1	1	1	3	6	1
OG0023133	23133	0	0	0	0	1	0	0	0	1	0	0	0	1	0	0	0	0	0	0	0	1	0	0	0	0	0	0	0	0	0	0
OG0007067	7067	1	1	2	2	2	2	2	2	1	2	2	2	3	0	1	1	1	1	2	1	2	2	2	3	1	2	2	3	2	1	1
OG0020218	20218	0	1	0	1	1	0	0	0	0	1	0	1	1	1	0	1	0	1	0	0	1	1	0	0	0	1	0	1	0	0	0
OG0019336	19336	1	0	0	1	1	1	1	0	1	1	0	1	0	0	0	1	1	1	0	0	0	1	0	0	1	0	1	1	1	2	1
OG0026591	26591	0	0	0	1	0	0	0	0	0	0	0	0	0	0	0	0	0	0	0	0	0	1	0	0	0	0	0	0	0	0	0
OG0004981	4981	2	2	2	2	1	2	2	2	2	2	2	2	2	2	2	2	2	2	2	2	2	2	2	2	2	2	2	2	1	2	1
OG0022804	22804	1	0	0	0	0	0	0	0	0	0	0	0	0	0	0	0	0	0	0	0	0	0	0	0	0	0	0	0	1	2	1
OG0001100	1100	4	2	3	4	3	4	4	4	4	4	2	3	4	3	2	4	2	5	2	4	4	6	4	2	4	4	5	4	1	3	1
OG0019243	19243	1	1	0	1	1	1	1	0	0	0	1	1	0	1	1	0	1	2	0	0	0	2	1	1	0	0	0	1	0	0	0
OG0015979	15979	1	1	1	1	1	1	1	1	1	1	1	1	1	1	1	1	1	1	1	1	1	1	1	0	1	1	1	1	0	1	0
OG0015940	15940	1	1	1	1	1	0	1	1	1	1	1	1	1	1	1	1	1	1	1	1	1	1	1	1	1	1	1	1	0	1	0
OG0022948	22948	0	0	1	0	1	0	0	0	0	0	0	0	1	0	0	0	0	0	0	0	1	0	0	0	0	0	0	0	0	0	0
OG0008891	8891	2	2	1	2	2	2	2	2	2	2	1	1	1	2	1	2	1	0	2	1	2	2	2	1	2	2	2	0	2	2	1
OG0021083	21083	3	0	1	0	2	0	0	0	1	0	0	1	0	0	0	0	0	0	0	0	1	0	0	0	0	0	0	0	0	0	0
OG0013457	13457	1	1	1	1	1	1	1	1	1	2	1	1	1	1	1	1	1	1	1	1	1	1	1	1	1	1	1	1	0	1	0
OG0007190	7190	1	1	3	2	3	1	2	2	1	2	2	6	1	1	1	1	1	1	1	3	1	1	2	0	1	3	2	10	0	1	0
OG0007926	7926	2	2	2	1	2	2	1	1	2	2	2	2	1	1	1	2	2	2	2	2	2	2	2	2	1	2	2	1	0	3	1
OG0001844	1844	5	3	2	3	3	3	3	4	3	3	3	2	3	3	2	3	2	3	3	3	3	3	3	3	3	2	3	3	1	3	1
OG0015393	15393	1	1	1	1	1	1	1	1	1	1	1	1	1	0	1	1	1	1	1	1	1	1	1	1	1	1	1	1	0	2	0
OG0005263	5263	2	2	2	2	2	2	2	2	2	2	2	2	2	2	2	2	2	2	2	1	2	2	2	2	2	2	1	2	1	2	2
OG0003955	3955	3	3	2	3	2	3	2	2	2	3	1	1	1	3	3	3	2	2	2	2	2	3	2	1	2	1	1	2	1	2	1
OG0012520	12520	1	1	1	1	1	1	1	1	1	1	1	1	1	1	1	1	1	0	1	1	1	1	1	1	1	1	1	1	2	1	2
OG0007365	7365	3	3	2	2	2	2	2	2	2	2	1	2	2	1	0	2	1	1	2	1	2	2	2	2	2	2	2	2	1	2	1
OG0004204	4204	2	2	2	1	2	2	2	2	2	2	2	2	2	2	2	3	2	2	2	2	2	2	2	2	2	3	2	2	1	3	1
OG0028327	28327	0	0	0	0	0	0	0	0	0	0	0	0	0	0	0	0	0	0	0	0	0	0	0	0	0	0	0	0	0	1	1
OG0012964	12964	2	1	0	2	2	2	2	2	2	2	0	0	0	1	1	2	0	1	0	1	0	2	0	0	0	1	0	2	2	2	1
OG0020828	20828	1	0	1	0	1	1	0	0	1	0	0	0	1	0	0	0	0	1	0	0	1	0	0	0	0	0	0	0	0	1	0
OG0008612	8612	1	2	2	2	2	1	2	1	2	1	2	2	1	2	1	2	1	1	1	2	1	1	2	2	2	2	2	2	1	2	1
OG0000885	885	2	3	3	4	4	3	2	2	5	8	2	3	3	1	4	9	4	2	4	4	4	5	3	4	3	8	3	4	1	1	6
OG0000312	312	4	6	2	5	4	5	6	5	5	5	3	5	4	4	2	7	6	5	4	3	4	5	6	5	8	7	5	4	5	5	4
OG0023964	23964	0	0	0	0	0	1	0	0	0	0	1	0	0	1	0	0	0	0	0	0	0	0	1	0	0	0	0	0	0	0	0
OG0024243	24243	0	0	0	0	0	0	0	0	0	0	0	0	0	0	0	0	0	0	0	0	0	0	0	0	0	0	0	0	1	2	1
OG0018640	18640	1	0	1	1	0	0	1	1	1	2	1	1	0	0	0	1	1	2	0	1	0	1	1	1	1	1	1	1	0	0	0
OG0005905	5905	1	1	3	2	3	1	2	2	2	2	2	2	2	1	2	2	2	2	2	1	2	2	2	3	2	1	3	1	1	1	1
OG0023797	23797	0	0	1	0	1	0	0	0	1	0	0	0	1	0	0	0	0	0	0	0	0	0	0	0	0	0	0	0	0	0	0
OG0000976	976	4	4	3	4	5	4	3	2	4	4	3	4	4	4	2	4	4	4	3	3	4	3	3	4	3	5	3	5	3	5	3
OG0017854	17854	1	0	1	1	1	1	1	1	1	1	1	1	1	0	0	1	0	1	1	0	1	1	0	1	0	1	1	1	1	1	1
OG0008460	8460	1	1	1	3	1	1	1	1	1	3	1	2	2	1	2	2	1	1	2	2	2	2	1	2	1	2	2	3	1	3	0
OG0018479	18479	1	0	0	1	1	0	1	0	1	1	0	0	1	0	0	1	1	0	0	1	1	1	1	0	1	1	1	1	2	1	1
OG0021583	21583	1	0	0	0	1	1	0	0	1	0	0	0	1	0	0	0	0	0	1	0	1	0	0	0	0	0	0	1	0	0	0
OG0024933	24933	0	0	0	1	0	0	0	0	0	1	0	0	0	0	0	0	0	0	0	0	0	1	0	0	0	0	0	0	0	0	0
OG0001315	1315	2	3	3	3	3	3	5	3	3	3	3	2	4	3	3	3	3	3	3	5	4	3	3	5	3	2	3	3	4	4	0
OG0018920	18920	1	1	1	0	1	1	0	1	1	0	1	0	1	1	1	0	1	0	1	1	1	0	0	1	1	1	1	1	0	0	0
OG0019622	19622	1	0	1	2	1	0	1	0	0	1	1	0	1	0	0	0	1	1	0	1	1	0	1	0	0	0	1	1	1	1	0
OG0019806	19806	1	4	0	0	0	1	1	2	0	0	0	0	1	0	1	1	0	0	1	0	1	0	1	1	0	0	1	0	0	0	0
OG0001996	1996	3	3	3	2	3	3	3	3	3	3	3	3	2	3	3	3	3	3	3	3	3	2	2	3	3	3	3	3	2	3	1
OG0023885	23885	0	0	0	1	0	0	0	0	0	0	0	0	0	0	0	0	0	0	0	0	0	0	1	1	0	0	0	0	0	0	0
OG0015766	15766	1	1	1	1	1	1	1	1	1	1	1	1	1	1	1	1	1	1	1	1	1	1	1	1	1	1	1	1	0	2	0
OG0000199	199	2	6	6	6	6	6	6	6	6	5	6	6	6	6	6	6	6	7	6	5	6	6	6	8	6	7	6	6	2	0	1
OG0027547	27547	0	0	0	0	0	0	0	0	0	0	0	0	0	0	1	0	0	0	0	0	0	0	0	0	0	0	0	0	1	0	0
OG0027675	27675	0	0	0	0	0	0	0	0	0	0	0	0	0	0	0	1	1	0	0	0	0	0	0	0	0	0	0	0	0	0	0
OG0016231	16231	1	1	1	0	1	1	1	1	0	1	1	0	0	1	1	1	1	1	0	1	1	1	1	1	1	1	1	1	2	2	1
OG0021852	21852	2	0	0	0	0	0	0	0	0	0	0	0	0	0	0	0	0	0	0	0	0	0	0	0	0	0	0	0	1	1	3
OG0020014	20014	1	1	1	1	1	1	0	0	1	1	1	1	1	0	0	1	0	1	0	0	1	0	0	0	1	0	0	0	0	0	0
OG0001861	1861	4	4	3	2	2	3	3	2	3	3	3	3	2	2	2	3	3	3	3	3	3	3	3	4	3	3	2	3	2	3	2
OG0003741	3741	3	2	3	2	2	2	2	1	1	2	3	2	2	3	2	2	2	2	2	2	2	2	3	2	1	2	2	1	1	3	1
OG0011767	11767	1	1	1	1	2	1	2	1	1	1	1	1	1	1	1	1	0	2	2	2	1	1	1	2	1	1	1	1	1	1	0
OG0027037	27037	0	0	0	0	0	0	0	1	0	0	0	0	0	0	0	0	0	1	0	0	0	0	0	0	0	0	0	0	0	0	0
OG0015061	15061	2	0	1	1	1	1	1	1	1	1	1	1	1	1	1	1	1	1	1	1	1	1	1	0	1	1	1	1	1	1	0
OG0022473	22473	0	0	0	0	1	0	0	0	1	0	0	1	0	0	0	0	1	0	0	0	1	0	0	0	0	0	0	0	0	0	0
OG0015512	15512	1	1	0	1	2	1	1	0	3	1	1	1	3	1	1	1	1	0	0	0	0	1	1	0	1	1	1	1	1	2	2
OG0018400	18400	1	0	1	1	1	1	0	0	1	1	0	1	1	1	1	1	0	0	1	1	1	1	1	0	1	0	1	1	1	1	1
OG0010991	10991	1	1	1	2	1	1	1	1	1	2	1	1	1	1	1	2	2	1	0	1	1	2	1	2	1	2	1	2	1	2	1
OG0022634	22634	0	0	0	0	0	0	0	2	0	0	0	0	0	0	0	0	0	0	0	0	0	0	0	0	0	0	3	0	0	0	0
OG0026618	26618	0	0	0	1	0	0	0	0	0	0	0	0	0	0	0	0	0	0	0	0	0	1	0	0	0	0	0	0	0	0	0
OG0013171	13171	1	1	0	1	1	1	1	1	1	1	0	1	1	1	1	1	1	3	1	1	1	1	1	1	1	1	1	2	0	2	0
OG0000602	602	4	5	5	3	3	6	5	5	4	3	4	4	4	4	5	4	4	5	4	3	4	3	4	5	5	3	4	4	3	4	2
OG0023664	23664	0	0	0	0	0	0	1	0	0	0	0	0	0	1	0	0	0	0	0	0	0	0	0	1	0	0	0	0	0	0	0
OG0024698	24698	0	0	0	0	0	0	0	0	0	0	1	0	0	0	0	0	0	1	0	0	0	0	0	0	0	0	0	0	0	0	0
OG0007070	7070	2	2	2	2	2	1	2	1	2	2	2	2	2	2	1	2	1	2	2	3	2	2	1	1	2	2	1	1	2	2	0
OG0022899	22899	0	0	0	0	0	0	1	0	0	0	0	0	0	0	0	0	0	0	0	0	0	0	0	1	0	0	0	0	0	0	0
OG0020068	20068	0	0	0	1	0	1	1	1	0	1	1	0	0	0	1	0	0	0	1	0	0	2	1	0	1	0	1	2	0	0	0
OG0016698	16698	1	1	1	1	1	1	1	0	1	1	1	1	1	0	0	1	1	2	0	0	1	1	1	1	1	1	1	1	1	1	1
OG0012143	12143	0	2	0	0	0	3	3	3	0	0	2	0	0	3	4	0	0	0	4	2	0	0	1	3	3	0	2	0	0	0	0
OG0015477	15477	1	1	1	1	1	1	1	1	1	1	1	1	1	1	1	1	1	1	1	0	1	1	1	1	1	1	1	1	0	1	1
OG0012174	12174	1	1	1	1	1	1	2	1	1	1	1	1	1	1	1	2	0	1	1	1	1	1	2	1	1	1	1	2	0	3	0
OG0027756	27756	0	0	0	0	0	0	0	0	0	0	0	0	0	0	0	0	0	1	1	0	0	0	0	0	0	0	0	0	0	0	0
OG0007226	7226	2	2	2	2	2	2	2	1	1	2	2	2	2	2	2	2	2	1	2	2	2	2	1	2	2	2	2	1	0	1	1
OG0001802	1802	3	3	3	3	3	3	3	3	3	3	3	3	2	3	3	3	3	2	3	3	3	3	3	3	3	3	3	3	1	3	2
OG0015132	15132	1	1	1	1	1	1	1	0	1	1	1	1	1	1	1	0	1	1	1	1	1	1	1	0	0	1	1	1	2	2	1
OG0003222	3222	3	1	2	2	3	2	3	3	3	3	2	2	1	1	1	3	2	3	2	2	2	2	3	3	3	3	2	3	1	2	1
OG0015110	15110	1	1	1	1	1	1	1	1	1	1	1	1	1	1	1	1	1	1	1	1	1	1	1	0	1	1	1	1	1	1	1
OG0017474	17474	1	1	0	1	1	1	1	1	1	1	1	0	1	1	1	1	1	1	1	1	0	1	1	1	1	1	1	1	0	1	0
OG0006518	6518	2	2	2	2	2	2	1	2	2	2	2	2	2	2	2	2	1	2	2	2	2	3	2	2	1	2	1	2	1	1	0
OG0026953	26953	0	0	0	0	0	0	1	1	0	0	0	0	0	0	0	0	0	0	0	0	0	0	0	0	0	0	0	0	0	0	0
OG0010646	10646	1	1	1	2	1	1	1	1	1	1	4	1	1	2	1	1	1	1	1	1	1	1	2	2	2	1	3	2	1	1	0
OG0017697	17697	1	1	1	0	1	1	1	1	1	1	1	0	1	1	1	0	1	1	1	1	1	1	1	1	1	1	1	1	0	1	0
OG0026605	26605	0	0	0	1	0	0	0	0	0	0	0	0	0	0	0	0	0	0	0	0	0	1	0	0	0	0	0	0	0	0	0
OG0010026	10026	2	2	1	1	2	1	2	1	2	2	1	2	1	2	0	3	2	0	1	2	2	2	2	0	1	2	0	1	2	2	1
OG0013974	13974	1	1	1	1	1	1	1	1	1	1	2	1	0	1	1	1	1	1	1	1	0	1	1	1	1	1	1	1	1	1	1
OG0019524	19524	1	1	0	0	0	3	1	1	0	0	3	0	0	1	0	0	0	0	2	0	0	0	2	1	0	0	1	0	0	0	0
OG0000235	235	1	3	6	8	6	5	6	5	6	6	7	6	5	4	6	8	6	8	5	5	5	5	6	8	6	7	4	8	0	2	0
OG0016123	16123	1	1	1	1	1	1	1	1	1	1	0	1	1	1	1	1	1	1	1	1	1	1	1	1	1	1	1	1	0	1	0
OG0023785	23785	0	0	1	0	1	0	0	0	0	0	0	1	0	0	0	0	1	0	0	0	0	0	0	0	0	0	0	0	0	0	0
OG0012642	12642	1	1	1	0	1	1	3	1	1	1	1	1	1	1	1	1	1	1	1	1	0	0	1	1	2	2	1	1	0	2	1
OG0014422	14422	1	1	1	1	1	1	1	1	1	1	1	1	1	1	0	1	1	1	1	1	1	1	1	1	1	1	1	1	1	1	1
OG0007963	7963	2	2	2	2	0	2	2	1	2	3	2	2	1	1	2	2	2	2	2	2	2	2	2	0	2	2	0	2	1	2	1
OG0003282	3282	1	2	4	6	2	1	2	3	3	4	2	2	1	2	1	4	2	3	1	1	1	1	6	2	4	0	2	4	0	1	0
OG0005898	5898	2	2	2	2	2	2	2	2	2	2	2	2	2	2	2	2	2	1	2	1	1	2	1	2	2	2	2	2	1	3	1
OG0025622	25622	0	0	0	0	0	0	0	0	0	0	0	0	0	0	0	0	0	0	0	0	0	0	0	0	0	1	0	0	0	2	0
OG0008866	8866	2	2	2	2	1	1	2	2	2	2	1	1	2	2	2	1	1	2	1	2	2	1	2	1	1	1	1	2	1	2	1
OG0007928	7928	1	3	2	2	1	1	2	3	2	2	3	2	2	1	1	1	2	1	2	2	2	1	2	1	0	2	3	2	0	4	0
OG0010119	10119	2	2	1	2	2	2	2	2	1	1	1	1	1	1	1	1	2	2	1	1	1	1	2	2	2	2	1	1	1	1	1
OG0002331	2331	3	2	2	3	2	3	3	4	3	4	2	2	3	3	2	3	2	2	1	1	3	3	3	3	4	4	4	2	2	4	2
OG0003847	3847	1	2	2	0	1	4	4	2	0	0	6	3	0	4	3	0	0	0	1	1	4	0	4	7	5	0	3	1	0	0	0
OG0022423	22423	0	0	0	0	0	0	0	0	0	0	2	0	0	0	0	0	0	0	0	0	1	1	0	0	1	0	0	0	0	0	0
OG0012397	12397	1	1	1	1	1	1	1	1	1	1	1	1	1	1	1	1	1	1	1	1	1	1	1	1	1	1	1	1	1	2	1
OG0027129	27129	0	0	0	0	0	0	0	0	1	0	0	0	1	0	0	0	0	0	0	0	0	0	0	0	0	0	0	0	0	0	0
OG0025597	25597	0	0	0	0	0	0	0	0	0	0	0	0	0	0	0	0	0	0	0	0	0	0	1	0	1	0	1	0	0	0	0
OG0015746	15746	1	1	1	1	0	1	1	1	1	1	1	1	1	1	0	1	1	1	1	1	1	1	1	1	1	1	1	1	2	1	0
OG0014895	14895	1	1	1	1	1	0	0	1	1	2	1	1	1	0	0	1	1	1	1	1	1	1	1	1	1	1	1	2	1	2	1
OG0000702	702	5	3	4	4	4	4	4	4	4	4	4	4	4	3	3	4	4	4	3	4	4	4	4	4	4	4	4	4	1	5	2
OG0001140	1140	3	3	4	3	4	3	3	3	3	3	4	4	3	3	3	3	3	4	3	4	3	4	3	4	4	3	4	3	1	9	1
OG0025927	25927	1	0	0	0	0	0	0	0	0	0	0	0	0	0	0	0	0	0	0	0	0	0	0	0	0	0	0	0	0	0	1
OG0008920	8920	1	2	1	1	1	2	2	1	2	2	2	2	2	1	1	1	1	1	1	2	2	1	1	2	2	1	2	2	3	1	2
OG0007642	7642	1	2	2	2	2	2	2	1	1	2	2	1	1	2	1	2	2	2	2	2	2	2	2	2	2	2	1	1	1	3	1
OG0003920	3920	2	1	1	2	1	2	6	4	1	2	3	1	1	1	2	2	2	3	1	1	1	2	2	3	3	2	4	2	1	1	1
OG0007897	7897	2	1	2	2	2	1	1	1	2	2	1	2	2	1	2	2	1	2	0	1	2	2	2	1	1	2	2	3	2	3	3
OG0016250	16250	1	1	1	1	1	2	1	1	1	1	1	1	1	1	1	1	1	1	1	1	0	0	0	1	1	0	1	1	1	1	1
OG0028053	28053	0	0	0	0	0	0	0	0	0	0	0	0	0	0	0	0	0	0	0	0	0	0	0	0	0	0	0	0	1	0	1
OG0025599	25599	0	0	0	0	0	0	0	0	0	0	0	0	0	0	0	0	0	0	0	0	0	0	1	1	1	0	0	0	0	0	0
OG0028306	28306	0	0	0	0	0	0	0	0	0	0	0	0	0	0	0	0	0	0	0	0	0	0	0	0	0	0	0	0	0	1	1
OG0006617	6617	2	1	1	2	2	2	2	1	2	2	2	1	2	0	1	2	2	1	3	1	2	2	2	1	0	2	2	2	1	4	6
OG0020189	20189	1	1	0	0	1	0	0	0	0	0	1	0	0	2	0	0	0	1	1	0	0	1	0	0	1	0	0	1	0	3	0
OG0019698	19698	1	0	1	1	1	0	1	0	1	0	1	1	1	0	0	0	0	0	0	1	1	1	1	0	1	1	1	0	0	0	0
OG0009443	9443	1	1	1	2	1	1	2	4	1	1	2	1	1	1	1	1	1	1	1	0	1	2	3	5	3	1	2	1	1	1	1
OG0006534	6534	2	2	2	2	1	2	1	1	2	2	2	2	2	2	1	2	2	2	2	1	2	2	2	2	2	2	2	2	1	2	2
OG0025975	25975	1	0	0	0	0	0	0	0	0	0	0	0	0	0	0	0	0	0	0	0	0	0	0	0	0	0	0	0	0	0	1
OG0017537	17537	1	1	1	0	1	1	1	1	1	1	0	0	1	1	1	1	1	1	1	1	0	1	1	1	1	1	1	1	0	1	0
OG0027179	27179	0	0	0	0	0	0	0	0	0	1	0	0	0	0	0	0	0	0	0	0	0	1	0	0	0	0	0	0	0	0	0
OG0009826	9826	1	1	4	2	1	1	0	1	2	1	1	3	3	1	0	3	0	1	1	0	2	1	1	1	1	2	1	2	0	8	0
OG0002821	2821	3	3	2	2	3	3	2	2	3	2	3	2	3	2	1	3	2	2	3	2	3	3	2	2	3	3	3	2	2	1	1
OG0016363	16363	1	1	1	1	1	1	1	1	1	1	1	1	1	1	1	1	0	1	1	1	1	1	1	1	1	1	1	1	0	1	0
OG0024925	24925	0	0	0	2	0	0	0	0	0	1	0	0	0	0	0	0	0	0	0	0	0	0	0	0	0	0	0	0	0	0	0
OG0012549	12549	1	1	1	1	1	1	1	2	1	1	2	1	1	1	1	1	1	1	1	0	1	0	1	1	1	1	1	1	1	2	1
OG0022909	22909	0	0	0	0	0	0	0	0	0	0	2	0	0	0	0	0	0	0	0	0	0	0	1	0	0	0	1	0	0	0	0
OG0023009	23009	0	0	1	0	1	0	0	0	1	0	0	0	1	0	0	0	0	0	0	0	1	0	0	0	0	0	0	0	0	0	0
OG0010456	10456	1	2	1	2	1	1	1	2	1	2	1	1	1	2	2	1	2	1	2	1	1	2	1	1	1	2	1	2	1	1	1
OG0006035	6035	2	2	2	1	3	2	2	1	3	2	1	3	1	2	1	2	2	2	2	2	3	3	2	2	1	2	2	2	1	2	1
OG0001532	1532	4	4	3	2	3	4	3	3	3	3	2	3	3	4	4	4	3	3	2	4	3	2	3	3	3	3	2	3	1	4	1
OG0027898	27898	0	0	0	0	0	0	0	0	0	0	0	0	0	0	0	0	0	0	0	0	0	0	1	0	0	0	1	0	0	0	0
OG0010630	10630	1	1	2	1	2	1	1	1	2	1	1	1	2	0	1	1	1	1	1	1	2	1	1	0	2	2	2	1	1	1	4
OG0009694	9694	2	2	2	1	1	2	2	1	1	1	1	1	1	1	1	3	1	1	1	2	2	1	1	1	1	2	2	1	3	2	1
OG0003926	3926	3	2	1	4	2	3	2	1	3	2	1	2	2	2	2	2	1	1	1	2	2	3	2	2	3	2	1	2	1	4	2
OG0022033	22033	0	0	0	0	0	0	1	1	0	0	1	0	0	0	0	0	0	0	0	0	0	0	1	1	0	0	0	0	0	0	0
OG0023266	23266	0	0	0	0	0	0	0	0	0	0	0	0	2	0	1	1	0	0	0	0	0	0	0	0	0	1	0	0	0	0	0
OG0021146	21146	0	1	1	0	0	0	0	0	0	0	1	0	0	1	0	0	0	0	0	0	0	0	0	2	0	0	0	2	0	0	0
OG0008582	8582	3	1	2	0	1	2	1	1	1	2	4	1	1	2	1	2	2	2	2	2	2	1	1	2	2	1	1	1	1	3	1
OG0011303	11303	1	2	1	2	2	0	2	1	1	3	1	1	0	4	1	1	1	0	1	0	2	0	1	1	2	1	1	1	0	0	0
OG0018921	18921	1	1	0	1	1	1	1	1	1	1	1	0	1	0	1	1	0	0	0	1	0	0	1	1	0	1	0	0	1	2	1
OG0003201	3201	2	2	2	2	3	2	3	3	2	3	2	1	3	2	2	4	3	0	0	2	2	3	3	3	3	2	3	3	1	1	3
OG0009509	9509	1	1	2	2	2	2	2	0	2	2	1	2	2	1	1	1	1	2	1	1	2	2	2	1	1	2	2	2	0	2	0
OG0016161	16161	1	1	1	1	1	1	1	1	1	1	1	1	1	1	1	1	1	2	1	0	1	1	1	0	1	1	1	1	1	1	0
OG0013273	13273	1	1	1	1	1	1	1	1	1	1	1	1	1	1	1	1	1	1	1	2	1	1	1	1	1	1	1	1	1	0	1
OG0004355	4355	2	1	2	2	2	2	2	2	2	2	2	2	2	1	2	2	2	2	2	2	2	2	2	2	2	2	2	2	1	3	2
OG0012521	12521	1	1	1	1	2	1	1	1	1	1	1	1	1	1	1	2	1	1	1	1	1	1	0	2	0	2	0	1	1	1	1
OG0005243	5243	3	3	0	1	2	2	2	2	2	2	3	1	2	2	2	2	2	1	2	1	1	2	1	2	2	2	2	3	1	3	1
OG0023545	23545	0	1	0	0	0	0	0	0	0	0	0	0	0	1	1	0	0	0	0	0	0	0	0	0	0	0	0	0	0	0	0
OG0014653	14653	1	1	1	1	1	0	1	1	1	1	1	1	1	1	0	1	1	1	1	1	1	1	0	2	1	1	1	1	1	2	1
OG0020680	20680	1	0	0	1	0	1	1	0	1	1	0	0	0	0	0	1	1	0	0	0	0	0	0	0	0	0	0	0	1	2	1
OG0007310	7310	2	2	2	1	1	2	2	1	2	2	1	2	2	2	2	2	2	1	2	2	2	2	2	1	2	1	2	2	2	2	1
OG0000148	148	6	5	8	5	6	5	5	6	5	4	5	6	9	5	6	8	7	4	6	6	6	6	6	4	7	3	5	5	19	8	3
OG0024391	24391	1	0	0	0	0	0	0	0	0	0	0	0	0	1	1	0	0	0	0	0	0	0	0	0	0	0	0	0	0	0	0
OG0015954	15954	1	2	1	0	1	1	1	1	1	1	1	1	0	1	1	1	1	2	1	0	1	1	1	1	1	1	1	0	1	2	1
OG0028155	28155	0	0	0	0	0	0	0	0	0	0	0	0	0	0	0	0	0	0	0	0	0	0	0	0	0	0	0	0	1	1	0
OG0005469	5469	2	2	2	2	2	2	2	2	2	2	2	0	2	2	2	2	2	2	2	1	2	2	1	1	2	2	2	2	1	3	1
OG0024450	24450	1	0	0	0	0	0	0	0	0	0	0	0	0	0	0	0	0	0	0	0	0	0	0	0	0	0	0	0	0	2	0
OG0021593	21593	1	0	1	0	0	0	0	0	0	0	1	0	0	0	1	0	0	0	0	0	0	0	0	0	1	0	0	0	0	0	0
OG0010215	10215	2	0	2	1	1	2	2	1	2	2	1	2	1	1	0	2	1	1	1	2	1	1	1	1	1	2	2	2	1	2	1
OG0025386	25386	0	0	0	0	0	0	0	0	0	0	0	1	1	0	0	0	0	0	0	0	1	0	0	0	0	0	0	0	0	0	0
OG0016578	16578	1	1	1	1	1	1	1	1	1	1	1	1	1	1	1	1	1	1	1	0	1	1	1	1	1	1	1	1	0	0	0
OG0004545	4545	2	2	2	2	2	2	2	2	2	2	2	2	2	2	2	2	2	2	2	2	2	2	2	2	2	2	2	2	2	2	0
OG0002881	2881	4	2	3	3	3	2	3	1	3	3	1	2	3	3	1	4	1	2	2	3	3	3	2	2	2	4	2	2	2	3	2
OG0010693	10693	1	1	1	3	1	1	1	1	3	2	1	1	1	1	1	2	1	1	1	1	2	2	1	1	1	1	1	1	2	1	2
OG0026922	26922	0	0	0	0	0	0	1	0	0	0	0	0	0	0	0	0	0	0	0	0	0	0	0	1	0	0	0	0	0	0	0
OG0008308	8308	3	1	1	1	1	2	2	2	2	3	2	1	1	2	0	2	0	2	2	1	0	2	1	3	2	2	3	2	1	3	1
OG0014058	14058	1	1	1	1	1	1	1	1	1	1	1	1	1	1	1	1	1	1	1	0	1	1	1	1	1	1	1	1	0	1	2
OG0017328	17328	1	1	0	2	0	1	1	0	1	1	0	0	1	0	1	1	1	0	1	0	1	1	1	0	0	1	1	2	3	2	1
OG0017391	17391	1	1	1	0	1	1	1	1	1	1	1	1	1	1	0	1	1	1	1	1	1	1	1	1	1	1	1	1	0	1	0
OG0021069	21069	2	0	0	0	0	0	0	0	0	0	0	0	0	0	0	0	0	1	0	0	0	0	0	1	0	0	0	0	5	1	0
OG0005281	5281	2	2	2	2	2	2	2	2	2	2	2	2	2	2	2	2	2	2	1	2	2	2	2	2	2	2	2	2	1	2	0
OG0012952	12952	1	1	1	1	1	1	1	1	1	1	1	1	1	1	1	1	1	1	1	1	1	1	1	1	1	1	1	1	1	1	1
OG0014368	14368	1	1	1	1	1	1	1	1	1	1	1	1	1	1	1	1	1	1	1	1	1	1	1	1	1	1	1	1	1	1	1
OG0022603	22603	0	0	0	0	1	1	0	0	1	0	0	1	0	0	0	0	0	0	0	0	1	0	0	0	0	0	0	0	0	0	0
OG0011496	11496	1	1	1	1	1	1	1	1	2	2	1	2	1	2	2	1	1	1	1	1	1	2	1	1	1	1	1	1	0	1	0
OG0013559	13559	1	1	1	1	1	1	1	1	1	2	1	0	1	1	1	1	1	1	1	1	1	2	1	1	1	1	1	1	0	1	1
OG0012835	12835	1	1	1	1	1	1	1	1	1	1	1	1	1	1	1	1	1	1	1	1	1	1	1	1	1	1	1	0	2	2	2
OG0013205	13205	2	2	0	1	0	2	2	0	2	2	1	2	0	0	0	2	1	2	1	1	1	1	1	0	1	1	1	0	1	2	1
OG0022205	22205	0	0	0	0	0	0	0	0	0	1	0	0	0	1	1	0	1	0	1	0	0	1	0	0	0	0	0	1	0	0	0
OG0006569	6569	2	1	1	2	2	2	2	1	2	2	3	2	2	1	2	2	2	2	1	2	2	2	1	2	1	2	1	2	1	2	3
OG0003427	3427	3	2	2	2	2	2	2	2	2	2	2	3	2	2	2	3	2	3	2	2	2	1	2	3	2	2	2	2	1	4	1
OG0021210	21210	0	0	1	0	0	0	0	1	0	0	1	0	1	0	1	0	0	0	0	0	1	0	1	1	1	0	1	0	0	0	0
OG0000298	298	4	6	5	5	6	5	6	3	7	6	5	5	4	4	4	6	5	2	3	5	7	5	4	5	5	6	4	6	4	8	7
OG0026989	26989	0	0	0	0	0	0	0	1	0	0	1	0	0	0	0	0	0	0	0	0	0	0	0	0	0	0	0	0	0	0	0
OG0000120	120	6	7	6	6	7	6	6	6	6	6	6	6	6	6	7	9	6	8	8	8	7	7	6	7	6	5	6	6	5	6	4
OG0027906	27906	0	0	0	0	0	0	0	0	0	0	0	0	0	0	0	0	0	0	0	0	0	0	0	1	1	0	0	0	0	0	0
OG0005351	5351	2	1	3	1	2	3	3	1	3	2	1	3	3	2	1	2	2	1	2	2	3	1	2	1	1	2	1	4	1	1	2
OG0001220	1220	1	4	2	2	3	4	6	5	2	5	5	2	0	3	4	3	2	7	2	4	2	3	5	4	2	2	2	5	0	10	0
OG0013160	13160	1	1	1	1	1	1	1	1	1	1	1	1	2	1	1	1	1	1	1	1	1	1	1	1	1	1	1	1	1	0	1
OG0005676	5676	2	2	2	2	2	2	2	2	2	2	1	2	2	2	2	2	2	1	2	2	2	2	2	1	2	2	2	2	1	2	1
OG0008077	8077	2	1	2	2	1	1	2	2	2	2	2	2	2	2	1	2	2	1	1	1	2	1	1	2	2	2	2	2	1	2	2
OG0015753	15753	1	1	1	1	1	1	1	1	1	1	1	1	1	1	1	1	1	1	1	1	1	1	1	1	1	1	1	1	0	1	0
OG0010158	10158	1	2	0	0	0	4	3	2	0	0	3	0	0	4	1	0	0	0	4	0	0	0	5	6	4	0	3	0	0	0	0
OG0014888	14888	1	1	1	1	1	1	1	1	1	2	1	1	1	1	1	1	1	1	1	1	1	1	1	1	1	1	1	1	0	1	1
OG0023571	23571	0	1	0	0	0	0	0	1	0	0	0	0	0	0	0	0	0	0	0	0	0	0	0	0	0	0	1	0	0	0	0
OG0006876	6876	2	2	1	2	2	2	2	1	2	2	1	1	2	2	2	3	2	2	2	2	1	2	2	1	1	2	1	2	2	3	0
OG0013045	13045	2	1	1	1	1	1	1	1	1	1	1	1	1	1	1	1	1	1	1	1	1	1	1	1	1	1	1	1	2	0	1
OG0006558	6558	2	1	2	2	3	2	2	2	2	2	2	2	2	2	2	2	1	2	2	1	2	2	2	1	2	2	1	2	1	2	1
OG0011146	11146	2	1	1	1	1	1	1	1	3	2	1	1	1	1	1	1	1	1	1	1	2	1	1	1	1	2	1	1	1	3	1
OG0002414	2414	3	2	3	3	3	3	3	2	3	2	3	2	3	1	2	3	3	3	2	2	3	2	2	2	3	3	3	3	2	5	1
OG0015641	15641	1	1	1	1	1	1	1	1	1	1	1	1	1	1	1	1	1	1	1	1	1	1	1	1	1	1	1	0	0	1	0
OG0005651	5651	2	2	2	2	2	2	2	1	2	2	3	1	2	2	2	2	2	1	1	2	2	2	2	2	2	2	2	2	1	2	1
OG0000803	803	4	4	4	4	4	4	5	4	4	4	4	3	4	4	4	4	4	5	4	2	4	4	3	3	4	4	4	4	1	3	2
OG0022041	22041	0	0	0	0	0	0	1	0	0	0	1	0	0	0	0	0	0	0	0	0	0	0	0	2	1	0	0	0	0	0	0
OG0012334	12334	2	1	2	0	2	2	2	0	2	2	1	1	1	1	0	1	0	0	1	0	1	1	0	1	1	1	2	2	1	2	1
OG0026635	26635	0	0	0	1	0	0	0	0	0	0	0	0	0	0	0	0	0	0	0	0	0	1	0	0	0	0	0	0	0	0	0
OG0007530	7530	2	2	2	1	2	2	2	2	2	2	2	1	2	2	1	2	1	1	1	2	2	1	2	2	2	2	2	2	1	1	0
OG0000598	598	5	3	3	4	6	4	4	4	4	3	5	4	4	3	3	4	5	6	4	5	3	5	5	5	3	4	3	5	2	3	3
OG0021907	21907	1	0	0	1	0	0	0	0	0	0	0	0	0	1	1	0	0	0	1	0	0	1	0	0	0	0	0	0	0	0	0
OG0000428	428	4	4	3	4	5	6	3	5	5	4	3	4	4	5	5	6	7	3	5	4	5	5	6	4	6	5	6	3	2	7	0
OG0016702	16702	1	0	1	1	0	1	1	1	1	1	0	1	0	1	1	1	1	1	1	1	1	1	1	1	1	1	1	0	1	2	2
OG0020563	20563	0	1	0	0	1	3	0	0	0	0	0	0	0	3	1	0	0	0	1	0	1	0	0	0	0	0	0	0	0	0	0
OG0019384	19384	1	0	0	1	0	1	1	1	1	2	0	0	0	1	1	1	0	1	1	0	0	1	1	0	1	1	0	0	1	1	1
OG0009265	9265	2	2	0	1	1	2	2	2	2	2	2	1	0	2	2	1	1	2	2	2	1	2	2	2	2	1	1	2	1	2	1
OG0012550	12550	1	1	1	1	1	1	1	1	1	1	1	1	1	1	1	1	1	1	1	1	1	1	1	1	1	1	1	1	1	1	2
OG0011984	11984	1	1	1	1	1	1	1	1	1	1	2	1	1	1	1	1	1	1	1	1	1	1	1	1	1	1	1	1	2	3	0
OG0000286	286	6	4	5	5	6	5	7	6	4	5	4	5	5	4	4	4	2	4	5	6	5	6	5	3	6	5	5	6	2	10	5
OG0015332	15332	1	2	1	2	1	1	1	1	1	2	1	2	0	2	1	1	0	0	2	1	0	1	1	1	1	0	1	1	0	0	0
OG0014731	14731	1	1	1	1	1	1	1	1	1	1	1	1	1	1	1	1	1	1	1	1	1	1	1	1	1	1	1	1	1	1	0
OG0005738	5738	3	2	1	3	1	2	3	5	1	2	1	1	1	1	3	3	2	2	1	1	1	1	2	2	2	2	2	3	3	2	0
OG0014201	14201	1	1	1	1	1	1	1	1	1	1	1	1	1	1	1	1	1	1	1	1	1	1	1	1	1	1	1	1	1	1	1
OG0013173	13173	2	0	1	1	1	1	1	1	1	1	1	1	1	1	1	1	1	1	1	1	1	1	1	1	1	1	1	1	1	2	0
OG0001263	1263	4	3	3	3	3	3	3	3	4	3	3	4	4	3	2	4	2	2	3	3	4	3	2	3	3	4	3	3	6	6	3
OG0021396	21396	0	1	0	1	0	0	0	1	0	0	0	0	0	1	1	0	0	0	0	0	0	0	0	0	1	0	1	0	0	0	0
OG0019369	19369	1	1	1	0	0	0	0	3	0	0	2	1	0	1	1	0	0	0	2	0	0	1	1	2	0	0	0	0	0	1	0
OG0004063	4063	2	2	2	2	2	2	2	2	2	2	2	2	2	2	2	2	2	1	2	2	2	2	2	2	2	2	0	2	1	6	1
OG0009482	9482	2	1	2	1	2	2	1	2	2	2	1	2	2	1	0	2	2	2	1	1	2	2	1	1	0	2	1	2	1	2	1
OG0002269	2269	1	2	2	3	2	4	6	6	1	0	7	1	1	2	5	3	1	1	4	2	1	4	3	6	4	1	4	2	0	1	0
OG0001796	1796	3	3	3	3	3	3	3	3	3	3	3	3	3	3	3	3	2	4	3	3	3	3	2	3	3	3	3	3	1	5	1
OG0008937	8937	2	1	2	1	2	2	2	2	2	2	2	1	2	0	1	2	1	2	1	1	2	2	2	2	1	2	2	1	1	2	2
OG0026817	26817	0	0	0	0	0	1	0	0	0	0	1	0	0	0	0	0	0	0	0	0	0	0	0	0	0	0	0	0	0	0	0
OG0011347	11347	2	0	2	1	1	2	2	1	2	2	0	1	1	1	0	2	1	2	1	0	1	2	0	1	2	1	1	1	1	1	1
OG0017694	17694	1	1	1	1	1	1	1	0	1	1	0	1	1	0	1	1	0	1	1	1	1	1	1	0	1	1	1	1	1	1	1
OG0015912	15912	1	1	1	1	1	1	1	1	2	1	1	1	1	1	1	1	0	1	0	0	0	1	1	1	1	1	1	1	1	1	1
OG0025301	25301	0	0	0	0	0	0	0	0	0	1	0	0	0	0	1	1	0	0	0	0	0	0	0	0	0	0	0	0	0	0	0
OG0027432	27432	0	0	0	0	0	0	0	0	0	0	0	0	1	0	0	0	0	0	0	0	0	0	0	1	0	0	0	0	0	0	0
OG0019210	19210	1	2	3	0	0	0	0	0	0	0	1	0	1	3	1	0	0	1	1	1	1	1	1	0	0	1	0	0	0	0	0
OG0019690	19690	1	1	0	1	0	1	1	0	1	1	0	0	1	1	1	0	0	1	0	1	0	1	1	0	0	1	0	0	1	1	1
OG0010613	10613	1	1	1	1	2	1	1	1	3	2	2	0	1	1	1	1	2	1	1	1	1	1	1	2	1	2	2	2	1	2	1
OG0026036	26036	1	0	0	0	0	0	0	0	0	1	0	0	0	0	0	0	0	0	0	0	0	0	0	0	0	0	0	0	0	0	0
OG0010684	10684	2	1	1	1	0	2	2	1	2	2	1	1	1	1	0	2	2	2	0	1	1	2	0	2	1	1	2	1	3	2	1
OG0020408	20408	0	0	3	0	4	0	1	0	1	0	0	3	0	0	0	0	1	0	0	0	1	0	0	0	0	0	0	0	0	0	0
OG0025590	25590	0	0	0	0	0	0	0	0	0	0	0	0	0	0	0	0	0	0	0	0	0	0	1	0	0	0	1	0	0	1	0
OG0000351	351	7	6	2	4	5	4	3	5	3	5	6	1	5	7	5	4	5	3	6	6	4	4	4	6	6	2	5	3	1	13	7
OG0024875	24875	0	0	1	0	0	0	0	0	0	0	0	0	0	0	0	0	0	0	0	0	1	0	0	0	0	0	0	0	0	0	0
OG0006897	6897	2	1	3	2	1	1	1	1	2	2	1	2	2	1	1	3	2	2	1	2	2	1	2	2	2	2	2	2	1	3	1
OG0020647	20647	1	1	0	0	0	0	1	1	0	0	0	1	0	1	0	0	0	0	0	1	0	1	0	0	1	0	0	1	0	1	0
OG0021292	21292	1	0	0	0	1	0	1	0	1	1	0	1	0	0	0	0	0	0	0	0	0	0	0	1	0	0	0	1	0	0	0
OG0024171	24171	0	0	0	0	0	0	0	0	0	0	0	0	0	1	0	0	0	0	0	0	0	0	0	0	1	0	0	0	0	2	0
OG0007007	7007	3	3	3	2	3	0	1	1	0	0	1	2	1	2	2	1	3	2	1	1	3	2	1	2	3	0	2	3	1	1	1
OG0027912	27912	0	0	0	0	0	0	0	0	0	0	0	0	0	0	0	0	0	0	0	0	0	0	0	1	0	0	1	0	0	0	0
OG0011647	11647	2	1	1	1	0	2	1	1	2	2	1	2	0	1	1	2	1	1	1	0	1	1	1	1	2	1	1	1	1	2	1
OG0009538	9538	2	1	1	1	1	2	2	1	2	1	2	1	1	1	2	1	0	3	2	2	1	1	1	1	2	1	3	1	1	5	1
OG0025545	25545	0	0	0	0	0	0	0	0	0	0	0	0	0	0	0	0	0	1	1	0	0	0	1	0	0	0	0	0	0	0	0
OG0011965	11965	2	1	0	0	0	2	2	1	2	1	0	1	1	1	1	2	1	2	1	2	1	1	1	1	1	2	1	1	1	2	1
OG0010663	10663	1	1	1	1	1	1	2	1	1	2	2	1	0	1	1	3	1	1	1	1	1	1	2	4	2	1	2	1	1	1	1
OG0027848	27848	0	0	0	0	0	0	0	0	0	0	0	0	0	0	0	0	0	0	0	0	0	1	0	0	0	0	1	0	0	0	0
OG0009115	9115	2	2	1	2	2	2	2	2	2	2	1	2	1	1	1	2	1	2	0	1	1	2	2	2	2	2	2	1	1	1	2
OG0016582	16582	3	0	0	1	0	1	2	0	2	2	0	1	0	0	0	2	1	1	1	1	1	0	0	1	0	2	1	0	1	2	2
OG0021286	21286	1	0	0	1	1	0	1	0	0	0	0	0	0	0	0	0	1	0	0	1	0	1	0	0	0	1	0	1	0	0	0
OG0007770	7770	2	2	2	2	2	2	2	1	2	2	1	2	2	1	2	2	1	1	1	1	2	2	2	1	2	2	2	2	1	2	1
OG0005692	5692	2	2	2	2	2	2	2	2	2	2	2	2	1	2	2	2	2	2	2	2	2	2	1	2	2	2	2	2	1	1	1
OG0007433	7433	1	1	2	2	2	0	1	1	2	1	3	4	0	4	2	1	3	3	1	1	2	3	1	1	2	1	3	1	1	1	2
OG0005866	5866	2	2	2	2	2	2	2	2	2	2	1	2	2	2	2	2	2	1	2	2	2	2	2	2	2	2	2	2	1	2	1
OG0019376	19376	1	1	1	0	0	1	0	0	1	1	0	1	1	1	1	0	1	1	1	1	1	1	0	0	0	1	0	1	0	0	0
OG0027130	27130	0	0	0	0	0	0	0	0	1	0	0	1	0	0	0	0	0	0	0	0	0	0	0	0	0	0	0	0	0	0	0
OG0007972	7972	2	2	2	1	0	2	1	1	2	2	2	2	1	2	2	2	2	1	2	2	1	2	2	2	2	2	2	1	1	2	1
OG0006376	6376	2	2	2	2	2	2	1	2	2	2	2	1	2	2	1	2	1	2	2	2	2	2	2	2	2	2	2	2	1	2	1
OG0006469	6469	2	4	1	3	1	3	1	2	0	0	2	1	2	0	3	1	4	1	4	4	2	2	2	5	3	1	1	1	0	1	1
